4904,498
1084,496
7942,499
384,481
7736,502
9200,482
7532,514
7608,495
6400,500
3702,510
9876,506
9166,507
6754,474
6308,500
9804,492
5618,498
5354,509
7020,495
1894,504
4926,509
8906,481
5384,478
7136,496
140,477
7688,491
204,534
956,500
8370,505
9726,499
7988,487
5928,530
4992,504
3706,506
2334,514
6028,502
4260,492
5638,513
7918,495
8218,526
2506,492
9384,488
4224,491
450,491
160,505
6778,492
7456,475
1596,493
1780,512
5136,494
2346,488
3932,509
7548,535
4582,511
2904,526
6840,491
4628,476
8390,466
1500,483
9336,502
4724,486
548,504
8516,514
1732,515
2602,461
8234,502
8520,511
528,497
1550,486
6006,465
6648,525
2938,498
1716,484
9154,501
2912,550
1310,496
1202,490
2192,497
2718,514
7034,506
196,492
2706,485
3118,505
7134,497
5632,490
5090,493
7098,516
8238,488
3296,494
3568,490
1144,500
1670,496
4228,494
5204,506
4304,495
5506,469
5736,497
4156,511
9364,515
7856,499
5898,506
8032,521
8386,496
5648,440
7168,499
4424,483
2180,502
266,497
1344,491
8656,512
5746,492
2618,514
9142,512
4106,518
9814,513
4126,487
2974,501
988,484
7284,508
3270,492
8052,489
7560,525
3918,496
9688,515
4128,472
3722,503
2790,500
1468,513
1678,479
836,516
9762,493
3490,495
1800,513
8546,506
2744,525
1656,498
5522,494
7334,496
6472,473
7572,528
7632,488
436,496
9618,485
3700,492
8426,519
2366,515
1906,520
7476,516
5688,506
5920,490
9742,527
2070,480
7624,494
8836,505
3128,505
2588,507
7446,518
1044,516
1674,499
6814,513
6676,483
734,503
2398,503
4688,487
9196,503
8564,532
5420,504
4,500
7558,488
7570,465
8048,468
3488,523
5156,496
6112,486
5158,517
7032,505
9246,522
5708,507
1300,485
1042,513
2976,507
5082,513
8512,504
6726,495
152,484
9468,491
4498,517
3140,525
7146,513
9102,484
3304,477
406,481
888,475
874,501
3298,499
162,508
5184,488
4016,523
2200,496
2724,520
3164,500
4878,496
4672,494
120,511
6478,529
8172,467
9432,486
2352,505
9008,494
9514,508
3328,509
4258,467
9974,495
6136,466
5170,513
5908,467
2332,539
3602,498
1710,513
9106,514
9250,490
9458,503
8758,489
1688,471
6592,504
5028,508
1750,501
6850,479
9838,487
5016,513
1228,533
8712,497
8740,503
306,510
2080,495
282,479
1132,514
360,466
4954,495
3202,501
7770,496
52,496
5534,488
3374,500
8328,517
9878,476
5186,492
1608,496
7376,495
2518,510
2132,492
720,497
6602,474
4092,486
5112,493
8896,499
770,487
2824,497
5954,480
6096,505
9802,500
6284,492
7236,465
362,493
862,490
5258,521
1066,516
2972,487
6066,508
6980,521
6948,493
5216,495
7246,462
5064,503
1290,451
5428,484
7012,495
3380,500
9598,533
9654,505
966,506
694,520
4568,490
280,475
4328,518
4602,499
922,519
5176,504
3846,515
4480,485
7392,470
4986,502
6704,505
446,500
5260,518
7670,486
6116,481
8060,504
5952,475
2930,476
1730,498
7628,483
3624,484
8594,482
5148,499
5168,505
6372,476
3930,517
4830,454
7792,488
8674,513
9698,496
5444,478
7014,521
3946,469
348,501
7806,477
7374,496
8588,511
5620,491
3220,538
2054,486
3274,545
2412,512
6094,525
7274,510
6552,508
7196,509
6532,494
4288,492
2030,535
1268,484
4810,479
7238,500
1418,494
8572,494
7254,490
8112,495
288,504
3810,489
2452,498
7142,504
9222,494
3416,486
5874,486
2948,530
6724,472
8968,497
8480,484
4414,518
6470,494
3230,524
6944,502
4494,508
2906,490
332,521
9394,513
6216,484
9270,500
8990,513
2586,511
1092,501
3400,486
5728,488
2644,512
4528,519
4542,509
3186,514
2696,521
4944,509
1988,481
6228,504
3938,497
8296,523
1070,506
1294,488
2194,494
3360,531
532,501
2672,507
5086,537
4120,516
9292,509
9810,472
118,518
3022,490
6158,509
858,495
9406,483
1196,517
6956,523
6770,485
738,506
5100,487
6144,488
9642,535
6002,481
5456,497
1216,494
1930,484
1622,483
2818,500
3090,492
9702,503
4356,478
6598,508
3228,521
3148,484
7844,494
3378,535
28,486
7256,489
8964,503
1870,498
6244,493
958,490
2312,518
6696,523
5984,504
7482,503
9354,495
7024,523
9544,483
7662,514
3196,516
106,495
3664,510
8010,483
3338,490
8330,510
274,525
5614,512
6720,515
7586,518
8260,491
2710,493
9170,486
3796,492
5922,501
9382,506
6796,517
9848,500
2008,492
6456,508
8282,490
9970,494
5544,511
7780,520
9128,492
3132,496
1288,520
4740,489
6872,483
7488,483
1642,515
3172,479
7750,488
7514,489
9282,488
3552,478
7756,525
5106,505
9254,499
9780,463
3474,517
3576,500
4952,479
5698,514
2300,494
8318,523
88,493
3762,498
4998,496
7898,496
9604,524
9082,473
7082,528
8956,499
3466,512
8476,469
5594,476
8580,481
1576,488
5784,487
7848,517
8910,500
5656,502
8054,499
3010,500
3156,484
5364,501
5816,507
1448,496
1802,509
8180,484
4166,502
1818,507
396,494
2170,502
7480,497
2256,512
7908,514
9650,494
9674,474
3832,478
418,520
3536,515
4996,488
238,482
3690,513
3012,487
18,507
20,515
6438,519
268,515
2548,521
5628,486
4756,477
4776,509
7280,483
6990,535
4342,497
1618,482
1722,512
504,505
2918,500
614,494
1904,479
8042,520
3062,510
4170,502
6928,488
5322,515
7132,473
6612,494
9616,521
9668,520
5602,493
6792,503
4298,504
6038,513
9148,501
9672,504
2606,483
3438,488
3996,489
6376,523
7364,518
8412,475
86,518
60,505
1462,535
8446,485
2538,509
3752,502
7618,499
638,490
4132,481
3646,502
6098,495
426,488
4936,507
36,506
1206,510
6868,507
7938,500
8002,496
7674,508
2290,487
3046,500
358,512
978,499
2446,528
924,512
6166,521
9032,521
2558,507
4012,492
7428,524
8826,506
7170,473
8154,518
1322,492
1616,504
5446,508
6494,487
7902,499
148,529
4184,499
2890,500
2662,497
940,498
4416,481
4520,467
3244,527
6752,510
8314,484
6544,514
3758,504
8400,526
3346,525
2058,494
3906,512
3770,499
128,481
6660,483
7696,498
8340,535
9694,529
6692,503
4518,510
8460,485
560,500
4888,496
210,469
2196,459
2860,506
2658,496
2722,472
9192,511
642,528
1530,483
3366,482
7288,486
6500,467
8504,499
2788,505
7418,502
960,474
3184,505
7652,494
7522,501
580,467
3162,494
5810,484
3994,497
778,522
6242,504
8130,477
9248,517
4552,504
4684,493
1426,499
1786,531
5134,508
2242,477
5956,491
5046,488
8566,523
2436,472
4938,505
8998,494
1840,532
6148,493
5712,485
2304,502
5866,489
8808,498
8022,503
2062,511
3404,480
4300,523
9512,507
2616,490
9968,497
3788,502
9670,492
4884,478
4280,519
2234,497
2362,506
512,491
2632,504
8322,536
7798,483
9680,457
5188,492
4594,504
9522,505
366,508
4222,483
4694,516
5962,514
5286,504
2036,537
7452,529
1058,513
8902,490
1908,500
6524,505
7240,491
1654,466
4364,503
3636,525
434,496
3472,517
9528,512
6706,509
2250,483
3092,497
2540,517
8090,524
7946,499
1062,512
2874,471
9052,529
96,524
698,514
4580,488
3556,507
9912,501
4956,503
4868,496
1316,524
2804,507
7116,466
7766,483
2756,489
1006,473
9594,487
7648,481
7926,507
8714,500
3348,489
2370,497
3886,499
6562,488
5312,508
8388,524
2798,491
72,522
2836,515
5450,506
3730,492
9030,482
2856,476
7820,500
4072,518
6866,524
652,485
5182,458
2088,503
6076,526
2748,472
76,511
1192,508
9050,506
5426,501
5348,514
5624,488
9090,526
2420,483
902,496
8624,487
1918,502
7462,502
5026,529
124,535
984,504
6192,485
5662,495
1340,490
2286,497
6508,496
5000,520
1420,503
4394,508
4948,525
8,482
9706,511
8366,493
3888,517
372,501
3964,488
4790,500
9932,508
9470,497
3340,511
3824,504
8100,502
600,502
2774,514
8970,483
7826,466
8396,528
2374,513
1178,501
2582,487
2780,501
5726,478
4512,506
9490,491
910,488
9812,506
7528,487
7996,509
798,505
7574,500
4860,520
7402,496
4768,485
5742,486
5720,504
5372,494
7330,507
2760,514
5756,494
4130,523
2654,480
5108,485
7004,500
5370,532
4408,463
5800,497
1266,532
726,483
1766,485
3104,496
6530,519
2490,499
1298,487
4358,515
9140,504
1258,513
7220,480
6564,515
4376,463
4550,502
1346,509
3226,499
4564,489
1874,523
5330,480
608,504
606,486
1184,486
5552,503
8182,484
6526,521
8038,506
678,486
6356,490
8510,483
5764,482
6502,501
7046,495
5068,494
4094,524
190,505
6680,491
3458,473
8444,498
2128,497
872,483
378,509
1396,493
4806,486
7172,485
6678,509
26,483
3648,485
5864,492
9960,526
6418,479
1534,497
8464,522
9794,519
6294,501
5674,496
4782,514
9390,491
1856,533
9054,520
9666,509
2146,510
4788,527
3386,499
4502,481
5692,500
294,487
4698,495
188,512
6150,505
2640,481
2296,503
9982,484
3312,488
4102,506
5292,513
634,502
6558,514
5284,518
4532,478
7486,513
7866,486
5528,491
6044,518
6832,513
6698,518
9360,514
3972,513
6610,493
2478,489
8064,497
9610,513
7192,509
7260,480
7242,517
2380,508
1342,544
1948,500
4448,487
232,490
1378,490
7524,483
3852,479
5658,492
4546,546
6458,498
5572,505
3694,498
1832,491
4858,502
258,482
6800,518
8184,525
8928,486
6262,506
8776,517
2966,483
4702,496
3956,502
484,481
550,523
3194,505
1392,499
4704,536
3460,503
4844,524
7398,507
5416,482
762,510
3798,504
9864,506
1166,509
130,524
860,489
1434,524
8360,489
4022,511
6574,509
5304,520
990,530
1358,478
7084,494
4392,488
9144,513
8936,495
7904,473
2144,504
2316,472
38,493
7642,494
2430,504
1644,504
2714,512
3262,526
6734,493
1812,509
6210,513
5992,496
4706,485
7346,527
8582,492
7006,490
5924,493
2908,483
1274,517
5948,503
4354,488
1822,506
5794,483
6812,499
2274,489
3122,510
5622,507
6328,500
1860,519
7702,493
5480,492
9556,528
3698,478
7460,492
8608,524
1980,496
7504,476
8044,510
5542,518
1224,510
4514,481
4284,489
5822,485
898,515
296,502
9048,495
7814,514
1026,500
3442,506
6446,479
4504,496
2500,506
6540,519
8628,489
2870,527
6126,499
2496,511
2580,488
6442,497
6504,505
9310,457
4188,517
3924,518
7278,509
6390,489
248,477
852,536
8524,490
2408,493
1064,503
4720,493
3958,473
178,517
6964,523
1504,514
9936,488
1944,504
9002,482
6296,491
4380,497
3756,468
8490,452
756,490
3928,491
1508,510
7588,481
3038,503
1090,507
6572,476
9480,515
8170,527
8456,501
1844,517
2106,502
2702,490
1122,503
4322,475
1692,501
7906,531
3544,498
8828,467
3276,500
8118,524
9590,499
2336,490
4578,484
8508,486
8482,525
8922,507
5798,490
2754,496
8294,475
244,498
684,499
1960,476
6794,489
4604,507
2684,513
5464,497
7162,493
2826,494
9342,509
1388,501
6222,500
134,467
970,498
7262,503
8214,479
4932,518
6486,506
8706,495
8306,491
3688,497
6588,514
6632,518
3944,506
8950,506
8200,479
202,494
7690,528
9152,482
278,497
7966,508
8986,463
1188,493
4668,502
2590,512
718,512
3292,506
6252,478
980,505
2056,511
6146,489
1094,497
5334,472
2014,499
7386,519
9348,513
6962,513
2680,526
1974,504
4748,514
2284,531
5568,508
3044,511
6278,533
4660,492
9212,495
2050,501
3430,500
7654,529
3526,510
8114,544
1140,483
9710,492
3182,505
1118,507
3656,487
7126,500
5716,480
4490,511
5374,502
1684,509
1134,509
6856,530
328,503
7108,522
1360,462
2204,471
7940,504
3344,524
3232,482
5014,480
5006,522
7508,498
800,485
2212,524
7564,515
5280,472
7650,498
5574,469
802,508
7598,490
4252,488
7316,518
3426,519
5476,505
8362,496
50,510
2522,507
1082,484
4340,481
7968,519
5232,495
5616,504
7056,514
9906,502
2954,485
4650,506
6934,524
3768,502
6624,482
5748,496
5904,497
6132,505
422,486
596,504
8878,506
3626,505
9420,485
1648,506
9446,481
8642,490
3432,486
2190,520
6416,502
7182,476
7892,524
5560,493
7266,486
7956,494
8458,487
3166,514
9834,479
374,499
8806,538
1194,467
7630,527
8636,490
4370,495
4644,501
6432,503
1302,484
2530,472
6358,494
8754,485
2118,495
8738,504
8898,496
7430,523
8888,495
8560,505
2458,476
9214,539
8698,501
6750,509
2134,478
7002,473
7530,493
454,494
2002,508
6134,504
2354,488
9060,492
752,484
7148,505
4352,513
4890,488
6622,519
9076,506
2422,511
464,495
14,483
4238,484
4476,518
1338,521
1494,517
2078,483
5202,524
9484,525
226,521
318,484
1128,505
2892,492
9172,482
4402,480
4278,501
6440,503
7700,500
228,492
6196,497
9582,513
3518,474
5144,507
1282,514
2010,492
9682,504
6118,489
9328,496
1304,527
9498,513
3240,481
992,496
4574,539
3306,490
3998,509
4116,487
5122,487
7294,489
7128,512
5802,467
7812,508
9958,533
4876,519
4642,499
758,483
7150,511
7658,512
2838,482
3282,487
2108,498
7054,494
7958,485
8692,484
9724,476
1386,528
8814,509
2116,499
8912,506
3896,499
5004,484
9664,493
9464,511
784,508
4036,537
2330,516
7930,518
1942,519
1714,500
918,491
6042,493
1970,500
6298,483
9952,523
292,488
5676,491
1592,489
7060,504
2634,490
754,500
1262,479
2164,516
5938,519
4060,502
7554,506
5236,526
4656,501
8204,481
7678,496
9116,509
8576,507
8570,480
252,514
2604,487
5058,522
1020,487
5576,491
7052,458
9462,507
4798,495
8848,497
4920,511
2822,499
3294,514
7282,510
5646,509
5636,488
7986,501
8226,496
7872,523
9908,501
7934,493
9640,499
5160,493
7176,516
3834,471
5604,501
470,479
5966,518
8070,525
3740,494
3484,471
7818,508
1854,501
3284,510
7552,480
5358,509
7822,490
3434,469
1142,489
804,513
9818,506
4770,486
6828,500
2768,468
4028,490
2746,488
8934,485
1774,510
7038,505
6580,480
3616,513
174,470
6176,517
1424,496
7592,506
3986,512
1100,496
3364,494
4440,511
8220,490
9506,543
3966,482
7846,502
1518,463
5044,494
9984,517
2844,473
2306,509
7726,486
4108,498
8530,470
2378,506
9110,502
672,515
4940,518
8156,470
682,512
1826,487
4338,483
6452,509
6140,480
1682,535
7860,477
4344,507
7090,495
9150,505
2956,503
2694,528
9722,506
2544,481
2980,480
6712,527
8766,529
9064,483
1602,491
400,487
2364,521
3534,477
764,502
334,497
2020,489
6876,499
1200,496
1470,524
5926,488
2770,484
9040,484
4396,472
9398,530
3794,509
9502,453
4538,506
890,469
1538,522
6340,501
9176,511
9516,514
1762,518
8838,513
9376,480
4834,482
4382,522
8818,519
1624,488
2992,509
6122,510
4422,524
662,480
6994,494
6996,500
2210,492
1498,501
3266,482
9964,505
8250,489
9160,525
312,495
1888,521
6836,502
936,497
4746,509
2564,500
1982,506
158,486
750,510
2012,535
5442,516
8406,499
9542,499
6802,512
3754,474
1884,489
64,505
3388,498
2236,521
5154,488
8652,518
9132,506
8334,533
5050,497
7836,472
7924,512
2988,509
6408,517
1728,483
5498,524
7066,483
9260,510
508,497
640,507
2136,503
7186,488
9358,496
3492,481
6804,463
714,493
7984,504
8378,512
1516,487
3254,517
2026,508
2324,503
3222,500
4236,499
7308,493
8160,508
6638,486
6738,510
8666,504
116,464
4826,482
6474,527
1366,524
3080,493
4454,509
5412,513
1914,485
1620,487
3686,523
4712,499
5878,496
6626,480
8914,490
2168,501
7660,493
7970,512
7270,508
8298,483
534,499
1248,482
1938,500
4010,510
9564,475
4118,503
4870,513
4848,502
5630,510
6810,486
9026,505
2914,484
7198,481
2356,513
9898,520
9380,522
3468,502
1706,520
5448,499
1740,499
6772,484
3314,512
4432,497
7478,497
9602,488
3498,488
9472,488
8280,537
3174,534
1318,475
2160,505
5346,505
8008,485
3354,487
2434,509
3662,483
8526,524
3726,527
8376,512
6892,483
7026,516
4324,482
2310,476
9122,499
4614,503
8812,472
6174,524
3842,482
8088,537
5390,491
2000,510
3766,503
9972,524
5200,485
9438,495
4290,510
6880,483
9776,499
6522,492
8864,485
7944,521
3530,506
5512,524
1408,489
4144,499
1600,530
4332,495
8704,521
7738,481
5386,500
9966,497
9696,532
5598,485
5918,516
9118,503
6894,501
5730,489
9238,524
8842,511
8866,489
4430,487
2156,509
9022,503
1934,502
2100,504
630,500
5152,533
9916,501
7064,499
8242,515
556,459
5180,495
4400,491
476,499
5642,526
4248,504
7502,481
5960,479
4832,513
894,507
7974,485
6756,520
8418,508
4606,505
5530,474
322,488
5842,533
4136,512
3078,494
8590,480
1078,497
7328,518
760,475
2182,496
6534,514
8076,489
1484,490
5352,499
6798,470
2546,501
9072,504
2474,540
7562,476
4626,511
8686,507
9114,511
4152,500
6908,521
2936,491
9538,496
8012,506
1578,515
2516,503
3786,496
6968,517
1814,483
6382,481
7384,476
8830,518
8726,519
1776,502
5760,533
2532,476
9392,496
3094,494
2630,500
5308,514
3618,514
4314,511
8176,496
8166,504
7318,491
7622,507
2484,507
5214,476
1662,504
5596,499
1074,482
9320,514
80,499
2526,501
8880,516
1048,499
9712,521
9922,485
9750,497
352,512
5230,501
1056,514
4088,501
2614,516
7936,474
1936,508
270,486
998,523
9880,494
2962,482
5194,515
90,483
6694,520
3584,516
3950,480
5626,489
7910,492
7424,517
9740,514
1114,476
2358,498
3622,485
4808,491
7884,500
4194,489
1542,498
7740,483
7620,511
424,503
2984,498
200,515
5020,491
1440,498
7040,488
8006,496
3198,471
5368,498
142,508
3224,515
3800,486
1640,518
1990,467
3152,467
250,513
1456,489
2728,509
9402,479
2942,528
6972,506
5242,508
1892,509
1240,516
5262,535
780,516
8000,482
4042,493
5392,505
9188,509
8680,517
308,496
8186,498
8094,492
3840,467
1138,495
6854,499
7706,500
2172,529
6728,491
6808,465
6620,489
3200,475
5664,498
4496,515
4980,513
2406,519
4962,503
8256,477
2046,492
1038,497
5996,507
748,523
8096,467
9408,504
7326,478
746,521
1764,502
2042,518
7250,492
5060,531
938,495
9860,496
5606,483
4068,527
7030,477
4966,481
2970,491
9774,501
7370,520
9854,497
1256,506
7870,475
3632,499
3862,483
7602,490
1384,476
6052,498
8854,475
1236,537
2024,518
2990,491
4444,501
48,494
2996,539
5128,512
7546,484
6594,495
5382,528
3188,496
7208,513
7390,485
9340,481
5854,510
8140,484
448,499
3028,510
392,494
3954,495
3948,489
8466,479
478,497
6300,473
776,517
932,513
9796,503
8690,468
386,508
9628,499
6520,482
7978,475
1260,526
2596,485
7722,509
7932,530
180,500
1868,526
8326,493
7178,505
1734,509
6360,519
8978,454
996,497
4212,516
1976,502
24,496
146,482
6392,510
2510,520
4302,488
4078,481
4928,474
934,493
2848,503
5298,510
3532,515
1570,496
576,499
1162,505
3382,496
7362,528
810,515
4508,482
712,478
3822,504
5240,503
3718,481
3480,498
4064,495
3052,490
8498,517
4206,466
3812,513
7464,503
8798,525
1882,493
2778,506
5314,492
3502,505
2254,479
5950,518
7998,490
22,475
3258,494
4168,505
3420,517
5660,508
6008,484
8736,514
9488,492
6842,510
1838,537
3208,496
9324,513
9646,482
2882,478
6314,475
6282,528
3358,522
7444,488
4256,513
9038,486
1910,527
9322,489
590,494
136,505
5640,468
9028,502
6714,508
8208,486
7972,517
2372,463
2392,507
6022,510
4384,500
7366,518
962,491
1010,510
6902,495
4658,491
6046,512
5774,496
884,491
1402,506
246,488
5588,520
4098,504
8178,516
9720,488
7350,508
9220,490
3990,492
3866,482
1198,512
5634,508
6184,481
736,505
78,501
144,506
3056,517
7120,510
494,491
2708,508
4178,490
9992,475
4196,497
9572,499
3150,492
3780,516
1264,500
1758,491
6264,513
9758,490
774,507
2940,509
4286,501
3610,512
7980,499
2492,524
7080,511
1428,512
4124,518
3744,492
6086,505
1374,490
164,505
794,496
438,509
4792,506
6350,501
1368,504
1574,506
6548,512
5734,502
7160,524
8584,518
2686,482
8938,506
4744,514
5414,497
6348,486
9436,507
1210,529
3574,483
4148,509
7068,518
7774,506
2782,534
3604,497
1146,467
474,495
5114,497
4080,513
8128,498
4894,506
9988,491
6716,486
5110,492
650,490
4420,490
6082,482
9730,498
2636,485
1896,488
4318,506
7422,495
7616,491
8640,506
6670,470
1700,527
4840,520
8762,521
6506,466
9626,508
402,531
1704,497
9788,497
8668,508
9948,502
9240,501
7292,483
4030,454
3268,502
7188,497
1174,493
3514,496
7484,535
7680,519
9316,471
9980,525
9070,478
9300,502
4292,523
4390,493
2122,500
3246,468
2098,511
1806,458
8596,507
8650,514
3114,527
7276,522
916,485
8430,499
5612,515
2738,474
3212,510
5566,481
2950,497
1864,486
284,485
1956,466
9580,502
4516,489
4942,505
6930,502
674,490
914,509
3828,509
4062,501
6120,480
6986,496
9566,500
516,498
830,525
4654,489
8358,517
6652,481
7518,533
6926,499
3652,510
3368,511
8980,471
16,497
2562,505
2176,519
8780,508
6482,492
7086,512
8960,465
9778,492
9994,493
8528,515
8994,511
9296,497
4468,501
6026,495
5650,512
7626,493
9684,508
4898,504
2884,501
4600,531
500,495
5582,500
10,502
4728,526
7164,494
3578,505
7472,487
2404,516
9508,478
6862,498
7794,478
8470,488
7206,491
2900,483
2566,508
5142,490
9044,487
4264,505
3252,513
6138,495
260,486
490,487
8598,494
9104,498
4360,472
6708,510
844,532
2278,477
314,506
8190,502
900,515
4052,487
4326,496
6188,503
7882,516
3402,490
5510,530
7406,478
9112,504
1560,503
2692,502
3784,513
7512,492
4056,493
6312,489
6248,503
4566,499
340,517
5556,476
2076,485
2258,517
582,512
1546,489
2466,485
3874,491
5342,499
5362,510
904,517
170,501
4916,472
3528,506
2828,473
4700,519
6384,510
732,511
8026,489
1742,466
7720,525
2934,496
7788,509
624,479
3216,500
9388,498
1446,503
2450,511
7610,498
9976,496
2468,541
9466,525
9186,516
7754,493
644,490
8648,506
5356,485
6700,487
112,519
3988,508
1612,482
5834,527
1514,526
6984,514
184,484
1412,489
632,514
1476,511
6036,513
5514,501
1962,441
6528,521
974,498
5744,526
544,508
4970,518
5550,511
5672,498
2084,526
8870,489
6582,488
6686,478
7828,499
9162,495
6614,509
126,502
2238,514
7578,514
2572,511
6630,486
1442,472
832,497
4004,500
8442,484
9138,510
1594,507
7076,503
2470,490
198,496
7400,487
8144,496
9012,502
8966,482
9378,484
9450,498
2656,482
168,530
4262,495
5294,490
9280,519
5808,475
1520,497
2730,501
1950,507
5172,518
4750,514
5880,485
1954,530
6420,494
8664,494
5196,511
3450,485
4134,494
9146,474
6816,496
222,492
7850,488
4070,523
7510,506
3424,501
3144,495
3510,471
4216,486
336,512
5694,476
214,519
2638,495
4366,512
3550,506
3782,490
4484,530
5320,488
9636,493
5138,521
9862,504
9400,500
9844,498
942,484
5890,503
8638,529
4032,489
7338,491
9302,494
1372,488
4766,476
9662,525
5388,487
2834,494
1698,474
1746,509
9202,476
8840,492
1572,483
2592,501
1634,505
3026,491
4204,521
8742,519
1646,503
1522,488
1986,491
4982,499
3814,513
5592,494
7708,516
2864,502
4912,511
1244,498
8612,504
9872,486
8104,486
3384,508
2944,505
5526,537
7676,501
7216,503
6084,482
6108,495
5478,519
8800,478
8890,488
9086,490
1820,490
4200,482
7692,489
6618,502
5218,508
6130,492
4044,479
5792,497
8974,517
7058,504
412,479
7420,509
8542,522
8028,518
6182,477
3806,470
8856,491
8136,486
8454,493
3446,491
6280,512
6090,508
6454,477
104,500
458,490
9840,492
9180,476
3684,510
7010,496
6194,497
868,506
4716,498
1902,506
4620,500
6774,503
1034,526
1568,489
2624,500
6606,490
4822,534
5896,494
8016,495
2816,479
5010,512
5986,510
668,529
7790,505
1376,508
8678,512
568,495
9614,499
7816,535
7842,492
6062,503
8080,513
4596,524
4758,489
3110,523
2208,486
4640,512
9062,503
9204,526
3850,523
9920,497
2104,475
594,496
4082,515
7230,489
442,525
3074,519
5276,488
9510,497
7286,482
8020,490
4902,495
3522,510
4274,507
9998,516
6054,498
6444,540
9592,481
570,526
8746,506
6394,509
8410,509
2400,513
4652,497
9266,504
1878,496
5024,489
2072,498
4634,489
5546,500
1694,500
7070,506
9424,492
8702,503
8744,518
7436,521
4914,518
3920,490
8344,504
792,496
2432,501
6784,519
3660,495
8892,497
8146,490
9550,487
8216,516
9434,471
416,515
9784,505
6286,483
6056,477
1160,526
2758,517
3508,522
7426,505
8472,498
9954,503
9986,504
7920,497
2216,500
7440,479
9676,506
6822,496
7458,474
564,475
7800,500
5326,500
6858,481
8198,494
724,483
276,518
2048,532
1536,517
3634,507
5458,508
7776,475
9738,486
1460,522
8494,506
7976,507
9638,495
8790,521
3564,481
8732,487
6830,504
4492,496
604,510
1964,502
3676,514
5034,490
9262,485
6198,483
9942,515
3682,516
9708,511
6346,501
5724,548
7410,478
1410,470
3456,489
9208,501
3272,482
3066,532
7332,507
4038,477
4374,523
7184,488
9962,514
8786,524
8074,486
466,480
1040,493
912,488
6410,496
2958,503
5814,493
6644,518
4310,488
9416,513
6270,492
4780,499
6332,496
1466,489
3436,490
5324,516
6568,508
9846,489
8078,523
492,465
1148,513
2594,504
7948,507
1168,513
1830,503
7886,482
5832,510
3650,510
9216,495
3336,532
460,522
2664,484
7928,474
6940,494
1390,504
8810,485
8872,497
1630,489
5796,501
6538,499
9274,512
2092,537
9100,484
6642,482
6168,510
1182,485
1632,505
558,526
1150,500
1808,517
3032,509
6450,527
5492,520
5508,513
7394,538
944,477
6764,521
1046,504
1280,532
5754,496
2052,500
8278,477
9084,475
1816,516
6684,464
9904,528
1158,506
3922,501
9482,518
338,465
3858,512
1176,513
9396,490
6818,534
8036,484
1098,502
4226,488
5932,484
9606,504
9334,503
344,496
1320,502
834,494
4008,504
5718,475
4742,493
664,498
7888,485
2174,473
3500,502
2040,541
2360,491
6190,532
3974,496
2762,485
4632,494
5850,505
9530,495
9492,528
4864,482
968,511
5288,517
3146,528
1940,501
8348,497
3848,465
326,493
1556,525
4534,513
2246,495
6674,513
8676,498
2034,487
208,506
6498,505
9168,507
9452,530
6736,498
1186,499
4562,488
4306,511
7156,490
6710,493
2198,482
5222,478
6760,512
8696,484
4752,510
3910,495
3520,514
6306,491
3000,497
6616,494
9752,483
4682,493
1076,475
536,529
6060,518
2648,498
3880,504
5124,501
3696,531
7666,481
7550,495
9946,504
5394,479
2578,531
6668,507
150,526
3462,502
3180,494
7962,525
7584,510
3018,483
3980,492
9278,515
8948,481
368,499
796,486
8958,480
2886,499
6180,508
8420,478
236,520
316,498
8760,492
612,522
4406,507
7138,471
9822,520
6766,522
2368,533
6414,486
1850,476
6566,505
4198,488
6898,495
4398,528
4608,502
1218,507
4646,510
5964,532
1356,481
5484,489
994,512
7380,506
6722,503
7074,527
166,495
7218,503
1922,488
7890,471
9428,506
9768,491
3902,510
5558,498
3620,518
7590,504
1014,500
2068,503
5248,513
2004,518
8030,495
1690,507
2178,514
4612,512
7322,484
304,513
5344,485
7772,488
6970,501
496,522
498,470
7742,502
9886,493
2206,520
3548,496
3870,521
1792,502
9224,500
1532,508
4772,497
6484,515
5872,485
8904,474
9634,513
2928,509
298,504
4730,487
5930,499
156,529
4266,495
5056,524
6324,520
6960,493
702,505
5252,472
6088,538
3912,497
6952,494
5988,518
7228,512
1136,508
3590,520
7468,497
1488,472
6344,478
3678,495
4900,521
7352,485
6078,480
4950,496
7438,503
3658,518
4220,507
2514,497
4598,506
6040,481
7732,494
432,523
7536,513
3398,503
5350,498
5300,512
1726,517
4020,499
7268,525
7494,509
5084,487
5876,526
1898,510
4910,474
2528,518
2426,498
1126,466
3470,487
1050,520
6336,497
6258,514
5062,487
6480,509
1004,509
5772,521
3554,485
8474,511
7180,516
2868,480
1992,503
2646,499
4282,502
42,491
9772,481
6064,484
8488,495
8310,515
2752,493
9024,493
8108,522
9312,476
3236,489
3856,477
8716,508
488,501
2288,495
6788,490
6936,483
8356,490
8658,485
4276,500
3524,502
4540,510
692,496
6886,474
2322,525
8018,512
8660,466
5812,500
6246,493
8770,496
930,531
8436,499
9080,525
9230,475
744,479
4590,503
906,514
8602,508
1496,483
8924,503
5940,490
3914,491
952,519
9632,477
3790,493
7534,505
9330,509
8908,541
8072,496
8558,506
8982,483
9412,463
1858,517
2750,491
7900,495
9856,506
2220,495
4802,481
5404,510
3086,510
5570,510
6608,512
100,504
482,532
5738,526
9700,479
2550,522
9536,513
5916,506
1222,507
300,511
3330,483
9088,510
3496,507
850,522
8988,512
3644,503
9902,487
812,507
4786,502
9868,531
4974,516
5228,494
5910,494
6302,516
5074,467
8522,504
7258,496
8592,482
7232,486
8734,482
846,494
2338,502
658,507
7100,493
6658,509
7668,497
3168,516
5884,518
3692,499
6304,519
1842,522
2688,461
7226,503
7028,476
3412,517
3370,499
4630,509
6292,478
3542,512
3976,513
9520,497
3116,503
9760,504
7466,477
354,522
6490,493
7638,502
5080,527
5146,491
8244,506
2926,479
1400,502
6920,499
5972,493
2508,506
4794,516
8408,482
6254,509
7078,510
2802,455
7864,502
2820,506
7506,507
7760,491
9362,480
1232,499
9356,519
3742,521
2666,478
9716,497
9524,500
5336,475
7698,504
3882,510
4388,536
1252,503
182,518
6646,485
3904,514
8788,470
2326,489
8210,492
4122,476
1660,498
6404,505
3394,499
7264,477
1024,498
1326,499
6124,472
8616,494
6666,527
8248,491
6922,519
5494,535
6536,510
6974,498
6496,501
8728,503
7492,496
2438,493
5306,489
1370,537
44,498
4208,498
618,477
3264,481
7470,491
7378,472
5870,501
670,492
5750,519
6844,512
9578,511
8392,510
5270,483
876,521
9346,519
622,497
5740,497
2112,475
5462,497
9440,506
3408,509
5118,479
7224,506
1112,485
2386,517
5974,485
9004,491
552,513
2800,501
3712,496
6268,517
9120,509
1788,501
4192,509
3760,501
8536,510
3040,495
9218,497
1794,504
1214,509
3050,507
7416,498
1580,486
9704,527
6590,521
7614,490
7324,512
3248,493
3218,492
6650,502
2524,507
6462,491
370,504
2142,493
9284,488
3804,519
8750,507
4838,516
62,482
9914,503
8268,485
9678,525
444,511
6,505
9020,505
620,499
1718,505
3068,519
9108,514
3818,519
6058,491
1450,500
6640,502
3414,499
5758,495
1778,534
5840,508
398,495
1234,495
8796,503
1054,528
5070,506
3072,516
5092,505
8040,506
6824,499
8350,484
5278,494
6636,487
9318,469
7248,502
5502,464
3250,506
4976,490
8730,510
262,492
6542,485
7656,498
8254,526
9094,484
1890,540
2060,486
242,515
2032,479
9332,495
4404,498
2244,503
2898,507
5466,507
4368,532
3440,489
1952,504
6104,484
2114,516
4346,494
3444,493
9718,509
5096,515
6236,487
2482,508
2120,510
8748,478
486,486
5474,485
7992,500
5302,513
6050,507
5818,507
7954,492
2674,505
5116,481
3982,493
5982,517
700,480
7830,516
2154,510
9736,493
8860,512
1230,489
6864,512
5048,518
7194,475
8620,519
7008,528
8292,504
6402,503
9134,493
4054,496
4738,501
4718,505
1080,532
2498,504
9034,495
6786,472
1330,479
1350,505
2806,496
986,496
3362,516
7600,519
4006,505
2396,498
5888,504
1880,520
5990,530
8336,487
8792,516
12,472
4778,497
8312,493
1876,483
8066,498
2486,487
1658,486
1752,488
452,510
8150,518
5244,516
3746,526
5946,491
1246,501
3130,530
7344,490
2202,474
2814,510
1480,558
420,523
2584,510
2272,505
3884,489
6476,500
7152,487
5406,483
7714,493
8954,488
9368,519
2138,483
8882,508
350,490
808,487
1754,507
3024,499
8946,512
5094,483
3302,512
5680,533
842,485
2188,518
3324,503
7016,482
8116,510
6368,478
40,496
4812,497
6758,485
2298,500
1782,521
9014,515
5894,499
4362,487
4348,472
2704,482
1848,507
4722,516
4882,518
9754,512
1862,477
1068,497
636,518
3708,476
4994,511
6560,524
1486,491
3970,461
7048,485
4968,514
2424,465
3350,490
6016,495
2280,507
5998,497
8158,478
8274,515
8374,490
98,503
8662,514
9126,499
814,505
5482,521
92,495
3008,503
6142,482
1406,483
3808,530
7442,500
10000,526
4160,504
2410,493
1324,503
5776,490
4336,476
1120,483
1966,478
7174,495
7894,510
854,500
1852,486
5192,508
3606,490
84,495
122,500
3058,542
4734,499
8346,499
1984,489
7118,501
3422,513
4474,493
9624,479
6790,499
8034,479
8304,495
8962,516
7190,499
8876,517
1834,493
430,466
6954,539
6550,489
2130,492
1928,499
9734,485
7764,495
9306,510
1030,498
5042,483
4964,484
6018,476
1796,488
9882,501
8230,477
2462,500
8138,520
9852,522
3214,513
9656,476
7582,496
948,506
4386,524
2394,505
2444,500
2294,488
3666,519
8538,492
2622,516
4618,516
8832,488
5994,502
820,494
4240,489
5398,521
786,484
7358,516
1124,526
3318,509
7912,494
3190,504
2968,512
1772,491
2224,499
6012,496
9940,507
5098,504
4678,495
1994,488
3476,480
892,517
7768,522
1996,501
4150,495
3940,516
7854,495
9066,497
7682,531
9190,499
4074,500
3322,500
3900,495
9714,521
9622,510
8622,499
1920,506
5752,492
2276,520
4510,483
3504,492
8102,512
1032,523
2480,487
2150,484
4230,498
1452,516
9056,511
4186,518
4312,509
8342,484
3890,537
616,493
8784,497
8710,475
3356,513
9658,462
6366,492
9058,489
1686,477
6080,480
6742,479
6318,474
9448,502
7858,485
9832,491
6412,496
7834,496
4464,486
4754,488
4862,469
5332,500
8428,490
1306,471
6878,518
176,503
9042,489
2628,481
3898,525
4320,465
7092,504
6206,490
4818,526
7612,494
2320,487
7734,529
9518,520
1362,491
3778,515
2840,486
1972,483
4622,502
3310,490
4182,470
3108,480
5892,478
376,528
9910,507
8276,482
928,500
7874,486
8952,507
6578,510
4816,507
2350,509
5272,494
70,514
364,485
2166,497
9728,506
8926,479
6024,469
3674,509
6570,501
1998,533
4636,507
7704,513
562,462
4296,485
5054,499
3892,468
4436,460
4854,471
6604,514
2228,527
3406,471
5564,517
6288,541
4172,507
6912,494
2318,520
7320,484
240,526
8644,488
9808,524
3482,515
4456,490
9130,523
6212,509
8794,492
7880,487
8416,496
1286,501
5780,492
7960,513
9560,494
8414,501
2314,454
5130,509
3934,467
6546,524
5770,486
7810,506
826,492
234,515
5076,463
3178,470
5936,493
2340,505
1736,505
9308,502
3984,482
7576,498
8264,501
7982,512
7036,473
2896,458
4558,462
6998,498
7296,510
3562,502
1666,493
518,489
5126,528
5886,493
828,525
8772,486
1552,496
6820,485
4846,497
5162,513
964,512
5310,504
6218,498
5644,497
7782,499
5804,487
5934,495
3206,476
3082,493
8894,511
6596,493
2454,494
2442,494
1702,514
2842,516
6434,511
3680,496
9892,535
2066,524
3142,491
1926,494
5008,518
5600,487
3854,517
8506,509
3234,507
8844,485
2158,502
3872,505
886,505
1614,498
1422,523
3642,501
7368,486
1744,518
4164,502
5768,502
8556,480
4190,488
2846,476
6070,514
7832,498
7868,512
9352,502
6510,493
9276,520
6586,513
6516,514
4978,498
2534,487
388,501
254,513
5264,518
6110,495
2894,508
3260,502
1784,481
6782,533
3820,486
1676,492
8224,505
822,516
2388,524
9764,495
4046,503
5360,506
7594,522
8548,490
8578,488
1912,489
9540,539
7862,493
1156,507
9744,491
7314,491
1332,505
2536,507
4500,468
8468,501
6916,483
2932,472
4442,457
9460,479
5652,518
9366,485
1760,498
5102,496
2698,498
4146,474
2342,465
1276,484
3076,524
5580,471
3732,533
3006,499
5496,503
8492,496
3334,538
704,461
5862,509
6436,495
9500,492
6932,506
9504,492
394,502
5778,480
9648,506
7686,470
3392,493
4096,499
2140,500
8134,516
8222,508
882,502
206,505
9486,513
3478,510
2460,497
2830,501
4852,506
9552,513
5900,494
7796,468
806,496
1072,492
8930,488
8816,507
3300,513
7838,507
9442,491
3802,492
6374,523
7916,505
9404,518
1208,503
2328,479
8862,469
4666,495
8098,517
2102,514
3908,492
4560,491
2920,485
838,532
7388,489
510,524
3936,521
6748,505
272,501
1584,506
9000,523
5806,493
8132,505
4692,495
7950,489
4586,514
8082,517
2270,478
4690,496
3342,503
5978,509
9252,509
5002,500
4972,486
976,507
7640,512
816,513
9234,512
9608,536
7414,482
8752,471
8972,504
5548,503
4294,505
4842,513
666,490
1458,501
4350,520
6730,496
8432,462
2344,504
584,482
5852,513
4506,488
2018,486
1604,513
3372,497
3176,529
7404,502
6186,511
6010,505
1380,513
9074,537
3668,522
6256,487
2560,486
8718,484
5274,483
8398,511
7746,477
7914,500
8382,525
9990,503
706,498
1924,527
7044,510
230,489
9136,513
2520,502
4880,489
7664,482
8886,499
9286,497
5012,488
8142,504
2650,512
648,460
9874,489
8774,488
610,512
1334,520
2922,487
8724,475
4762,525
4214,468
154,480
5786,492
1586,513
7252,520
9870,477
5562,478
1108,519
2764,505
3962,493
4254,481
7298,515
8562,501
6992,499
6000,496
1180,480
3608,486
5296,506
4662,506
6370,516
1610,501
2726,522
7110,494
8700,478
2620,493
8240,479
9232,513
8024,504
1292,516
4872,512
5516,515
7122,514
4616,496
6492,485
4242,508
6004,536
8192,485
5164,499
1212,497
5424,516
5782,481
8646,507
2064,516
3238,517
2230,501
6848,510
6744,518
9918,481
9806,499
7408,516
1544,492
5132,494
7568,497
1110,516
4018,529
9690,527
3764,515
772,485
6388,498
4714,521
586,496
1724,474
428,494
7396,519
7922,495
1900,479
1328,511
9068,496
4014,496
6156,469
1336,497
6220,510
8050,494
8462,509
302,500
8438,518
9414,511
8708,503
5460,498
1430,459
9926,501
1414,493
2850,490
7718,511
8452,503
8868,496
5438,511
1416,500
3002,505
94,490
7596,511
192,492
9570,509
7432,509
5422,499
2716,496
3192,491
3710,511
9370,493
7154,490
3566,512
8422,518
9836,508
8272,491
9928,497
2608,502
8004,503
8196,520
9256,494
6330,486
1404,498
9198,497
646,491
9828,471
6178,504
696,484
3670,515
1308,506
2712,506
6688,489
4664,486
8262,503
5206,479
58,497
4828,478
8110,495
5554,468
8394,487
9830,528
7234,497
878,494
9790,498
3332,488
7454,479
1104,509
6032,501
2732,512
848,493
7758,518
5178,455
2110,502
9858,490
5504,467
4592,530
1190,494
8286,502
1296,493
30,518
7336,506
6092,522
9782,515
9686,526
4674,517
4418,491
3158,487
9092,513
6904,478
2464,524
5732,505
9584,486
9568,477
688,529
6152,475
3418,493
8682,497
2600,500
9242,492
506,519
2964,466
5914,513
9850,480
592,504
4334,504
8984,508
2626,495
2910,495
9478,494
7050,524
2924,523
1932,504
5788,522
6074,514
4814,514
8284,460
8434,509
740,500
4450,519
6234,495
2808,513
5282,478
3516,512
3600,503
7434,515
1398,500
1968,493
2792,511
8354,503
8654,512
6310,495
7356,523
1172,467
7542,495
5826,499
2494,503
4452,484
8228,520
5150,514
8236,514
34,528
2488,491
8804,499
6202,492
7124,477
3452,491
8782,512
5844,514
2248,517
1540,481
1566,489
3060,516
1680,489
6240,487
4796,498
2668,486
9588,489
1454,492
5234,512
4588,508
6426,522
7824,503
74,498
1226,476
3792,506
8484,525
6468,506
8764,486
588,492
2074,508
8068,503
1106,491
224,463
2678,527
4736,494
7498,495
5690,527
9290,471
1916,506
8258,499
46,492
2946,481
2700,501
8324,503
3546,467
572,509
4142,497
6464,510
5958,505
8920,489
1548,510
3064,479
5710,501
1472,476
3280,503
6128,504
6762,502
3096,501
1102,492
4180,489
8858,488
8820,491
114,470
1502,515
5472,515
9314,497
7382,492
2186,484
6988,525
8046,487
9098,501
9748,508
8824,505
6266,492
3030,483
5030,511
5536,486
9660,496
456,500
4410,487
6326,487
1086,462
686,506
2262,528
1492,518
7778,513
3020,510
4162,486
6406,498
9418,526
5038,519
6106,511
5942,549
7360,493
290,490
6896,486
3716,495
1354,504
9096,499
9258,477
2876,486
818,531
5882,519
8148,487
2720,489
3724,503
9304,486
8152,488
7300,502
4856,518
5608,490
8500,495
2612,502
9046,493
1708,503
9896,482
1170,478
4234,503
2880,468
4174,492
102,487
9576,513
5434,510
8684,504
8916,518
9422,482
4086,496
8600,517
9842,493
6354,496
542,497
6938,501
9444,509
6556,469
9430,519
1720,510
5654,488
9036,525
3614,522
656,501
1002,524
574,523
2348,485
6976,493
7604,477
3014,496
8614,495
66,496
1804,468
138,495
4638,482
3942,514
480,501
6290,485
5250,491
530,500
3124,509
1528,514
3860,484
8940,517
4930,512
1606,482
8440,482
212,510
1866,512
7672,499
6718,512
9820,510
6322,519
7290,536
7520,508
6518,508
3836,478
6780,501
5018,499
1220,490
5140,521
6846,498
1352,478
1242,497
1438,492
4434,484
6834,470
330,509
6826,518
6910,511
7200,474
2734,483
7474,510
9890,487
6884,486
3572,488
676,517
9244,511
6160,483
8518,476
6378,472
2852,500
742,531
3170,532
6398,510
8852,499
194,506
3540,498
4670,484
7694,490
2902,493
6654,481
8014,496
2570,517
7728,502
1130,508
4764,497
9956,469
4896,463
9620,484
9124,499
1824,505
5610,493
4524,494
5860,479
722,513
4246,520
9534,509
7784,502
1270,483
9644,511
2916,511
3154,491
1012,490
1768,504
5468,493
8290,520
8618,509
8496,509
5174,535
8534,519
950,474
6882,501
2308,494
1590,511
7340,516
3992,504
4906,509
5432,502
110,520
3750,497
5524,476
6364,487
9228,522
4330,493
896,485
3070,480
2642,505
8232,479
3714,505
9826,501
6204,501
1638,506
4100,523
218,478
4026,485
7802,515
824,497
4482,489
5120,502
9454,494
56,494
2742,495
920,467
2302,494
2682,502
2878,495
566,480
8308,511
6272,522
7526,504
9596,525
708,484
7018,503
9016,519
2542,499
2416,475
1116,500
3088,515
6100,511
3838,506
9888,530
5980,537
9944,480
3278,480
4270,491
4048,495
8900,475
6656,511
8632,516
6068,493
4584,501
3826,497
3960,521
4232,499
4112,457
4446,513
2994,508
768,472
3034,505
1562,464
6584,515
6048,479
3748,509
3894,514
6914,492
3242,466
3592,509
2986,483
9548,520
440,507
526,478
502,491
1738,483
8670,506
1478,499
856,511
2376,503
5856,494
6172,468
2384,487
3612,475
3728,497
4784,536
1436,518
3968,496
5396,490
7072,477
5868,502
9226,472
5858,498
8084,480
1626,491
2418,455
5066,506
8502,507
4140,511
9692,477
8300,501
7204,495
7490,505
8168,498
8630,496
342,494
864,505
6396,511
9558,493
2888,481
7000,464
9562,504
2740,463
4176,510
6554,480
4272,506
5976,491
8694,504
3256,505
6424,481
4570,513
9426,510
3916,503
538,478
220,503
6746,511
9496,519
4850,510
2476,529
972,516
7752,499
4820,494
710,506
1756,488
690,486
5380,505
2552,489
7606,491
1748,490
9288,519
8932,472
1836,468
3720,483
8124,512
2,487
4138,485
5686,496
7214,499
554,466
6978,496
3844,499
7222,494
8540,507
1278,485
5430,488
5318,526
946,501
8586,515
3120,511
8380,503
2428,512
1512,493
3926,513
5078,510
1554,496
4836,524
9494,508
3596,492
5830,483
716,529
4536,485
1464,499
3290,497
9184,510
8352,490
108,523
7808,491
6014,498
540,498
4114,497
870,504
4958,488
2082,517
7166,518
410,526
4800,514
3582,516
1524,492
7684,505
6232,498
1482,527
2766,504
5846,483
1088,513
8338,494
5836,483
5408,508
2260,536
4708,514
7636,488
2148,503
5540,522
4034,479
5212,513
8092,496
8266,476
6860,489
3580,469
468,500
1312,530
7144,504
5682,507
7342,486
3654,485
7804,526
8634,504
8174,488
5488,517
8610,495
68,497
2556,502
8996,499
5586,485
9164,516
7102,505
8486,523
324,494
4680,498
8372,519
320,495
5538,499
408,506
1036,497
4960,536
5256,483
9546,490
346,499
5022,496
5198,523
7412,511
520,472
8544,492
514,500
390,513
9586,506
8778,455
2214,462
1060,483
5704,512
4438,515
4526,482
5722,511
628,500
9326,540
2854,488
5190,496
7496,505
3054,494
4732,504
6422,506
8574,523
9372,497
6342,492
7716,530
2960,511
9210,512
954,497
3704,512
5032,480
8850,496
4104,502
3672,511
4544,515
3538,517
3772,508
6950,511
9816,485
6430,524
8550,506
1096,504
7556,496
3638,505
4866,492
626,486
2266,496
6634,502
3320,516
5838,487
5678,515
3494,486
2872,489
6154,516
9792,503
1250,470
5266,509
1828,497
9930,472
8720,504
2554,507
5088,548
5500,501
9264,482
524,485
5702,476
2022,475
216,496
9746,533
1636,484
9456,515
4760,497
3816,498
6662,512
8992,515
3126,494
1946,502
8320,477
9272,521
2090,519
2610,490
6224,498
4824,498
6020,477
6576,479
6806,521
6966,503
6942,499
1664,519
2786,488
9786,521
2402,521
3210,500
9554,483
2448,490
3136,522
6208,485
9178,523
8194,484
8514,507
7566,500
9652,469
404,516
7840,489
782,495
4918,497
3560,505
5410,493
8106,507
7348,499
8122,522
6982,474
9174,502
6900,497
310,505
8058,510
6102,501
7744,503
1696,507
1770,537
5208,495
4050,467
7876,523
3512,489
7114,541
5490,491
5220,480
8126,506
9924,485
4908,496
9350,513
9236,504
6890,495
9078,503
7112,513
3454,493
602,474
4874,507
9476,490
4210,498
5766,502
6352,500
8554,498
2660,506
3016,473
6664,512
4470,509
5532,515
1022,503
2952,504
3042,500
3048,515
8604,515
1564,506
4460,488
2736,513
8722,508
730,504
2016,497
2772,527
9268,498
9294,493
9600,495
5400,503
256,514
462,520
2086,474
5290,500
7104,514
7130,490
5518,510
5700,493
4378,543
4726,504
7310,462
6600,473
4066,497
3102,488
8448,505
7304,506
1598,492
8164,512
4462,503
7786,500
8688,476
3978,498
6034,499
8120,508
8288,528
5828,504
6072,493
6672,498
2866,526
2862,486
2028,549
172,490
5452,473
9894,518
2472,487
2184,504
5486,523
3134,499
5238,470
4040,494
1672,500
8672,481
8552,476
7896,527
8478,495
1154,477
8252,492
5906,514
840,524
7106,482
3036,507
9526,518
9374,508
8246,498
9866,488
5670,493
6200,493
6512,500
3410,517
6030,522
8188,524
4372,496
3308,470
54,515
5366,502
7540,497
286,519
5714,486
8270,484
7272,518
1978,497
4244,509
1790,505
6628,516
6918,499
8206,493
8424,504
8884,521
2124,492
2998,481
380,509
132,509
1052,500
8202,481
4110,509
8944,474
2162,500
5210,473
1152,496
5268,493
6320,515
7646,501
7372,523
660,508
4990,492
8606,475
7096,499
5762,497
6888,498
2152,518
6164,492
8402,497
2218,514
3004,504
4428,503
2456,488
4478,515
9732,528
6852,497
8802,499
4522,499
2690,497
7354,485
7994,491
7306,490
4548,495
5072,498
7710,501
3570,536
5376,491
9474,504
8062,507
8834,494
8532,473
9532,489
7500,504
5052,492
6276,491
9612,464
7544,502
4154,504
5944,474
6946,508
9950,474
3138,496
3352,490
598,474
4696,480
2252,534
3098,489
6448,485
6488,516
6924,480
9824,477
356,478
2282,503
8056,488
5436,511
3588,482
3106,492
3630,502
5338,480
9206,497
5912,491
8368,504
2670,494
6362,518
7302,496
7878,522
2006,523
4576,504
1314,511
5584,503
2038,477
1008,516
8086,509
7990,481
8212,493
1652,496
2858,497
926,510
3774,505
1364,523
6460,483
4610,480
2414,515
4058,516
3594,492
4648,497
728,498
2094,509
8450,519
5246,504
4090,507
4000,519
4924,518
6226,494
9338,516
4530,501
6870,484
1284,516
5254,459
3396,491
5590,498
1028,515
1668,489
1872,514
9156,466
6274,514
3640,501
2512,502
2676,512
5968,479
4488,483
6338,494
8918,495
9410,503
8822,512
7448,479
4412,475
6386,497
5224,496
1348,514
2502,502
5226,524
9194,510
186,466
3598,554
5790,484
1254,482
5970,502
1958,511
5470,468
5520,543
1272,479
2226,503
2810,493
3506,485
3428,508
4984,505
5036,473
6170,506
1016,525
2796,481
4710,495
7140,499
7516,533
6114,500
6260,528
1510,531
9158,473
8976,492
9386,497
2784,526
82,479
3486,527
3390,480
4458,480
766,497
8568,520
4218,493
866,518
5378,483
1394,512
7042,487
7964,529
4988,510
6334,520
6380,470
1810,519
3876,505
3204,480
1474,510
472,498
654,484
6874,518
1558,521
414,530
3734,498
2126,477
3952,532
4002,513
546,538
1650,508
1382,479
8302,520
1526,498
4774,506
4466,489
2568,514
4686,492
4886,504
5328,504
3736,520
5402,493
7712,494
9298,494
9630,491
2598,522
5454,491
6250,514
8364,497
8332,500
2240,514
7312,505
3376,492
4572,499
9182,481
5166,482
9934,468
5040,488
2832,492
4426,499
4556,479
32,486
2222,499
1238,505
7202,503
3864,497
4892,506
9938,490
8384,501
9574,516
382,480
1582,508
3288,490
3830,502
7062,503
4268,502
7580,493
5578,481
7724,517
4316,503
1164,480
6740,523
3868,513
7634,501
6958,482
6466,514
7748,528
8874,487
8626,491
2382,497
9884,514
7762,488
1432,501
2776,485
6776,520
2292,504
9996,497
4076,499
1886,511
9010,513
5824,528
5440,502
5316,509
5418,521
3776,503
7088,505
2812,481
9900,514
6702,514
8756,515
1588,493
9798,489
1018,515
1506,486
3160,502
3448,506
9006,515
2268,498
2440,524
4250,491
8942,506
578,514
2232,503
6514,500
908,492
3628,534
4624,478
9344,462
790,499
1712,503
3316,494
2794,482
264,502
3326,470
6690,503
4554,500
8404,491
7244,519
3112,499
9770,488
5668,530
2096,504
1000,512
982,496
1204,508
2978,485
6682,510
4804,519
1798,470
2044,505
7538,518
1846,512
5696,500
6316,478
2652,518
3738,498
6162,499
8768,473
7158,508
6906,498
2574,519
7450,497
9978,489
7644,507
1628,497
4158,498
4946,506
3464,473
7210,504
3100,483
4308,491
2982,508
4486,487
5684,480
680,507
7022,489
3878,511
4676,491
3084,502
6428,485
4202,488
788,510
6214,476
7094,488
9756,504
6238,486
9800,460
1444,497
5104,502
2390,499
7212,512
4472,486
4084,489
2576,520
4024,508
7852,482
5706,487
4934,548
5820,499
8846,478
7952,489
1490,492
2264,489
2504,497
3286,515
6838,479
7730,485
6230,470
8316,503
880,499
5902,489
4922,495
5666,489
9766,506
5340,515
6732,520
8162,529
5848,526
6768,491
9018,537
3558,496
3586,504
522,470

4685,503
9215,502
4551,499
3007,496
7041,517
667,474
1053,493
9831,506
8401,493
2493,511
4399,505
1325,497
3517,505
5593,479
3877,506
7889,502
8577,502
9361,513
3809,516
291,503
1,478
4839,509
3973,468
5295,494
8333,503
9071,527
9913,487
755,501
1813,497
9025,509
2335,485
8715,510
9829,522
1393,493
9029,511
2021,502
5839,500
6097,512
2797,510
3165,472
8755,499
7297,514
2117,514
355,487
9867,488
5713,486
3449,505
7627,493
347,473
6121,510
8589,506
2351,496
2541,516
6987,499
7453,502
3903,504
7757,484
4657,478
2325,507
7945,521
9943,493
6831,483
6613,476
453,491
4225,498
9177,518
1031,505
4425,513
6261,518
7435,500
1377,527
5479,499
1005,510
8439,491
2511,526
1363,493
3351,490
4535,514
7375,519
5727,469
5181,512
9859,493
7189,497
8997,500
8119,519
5863,459
2657,500
8757,486
7581,506
9081,495
2909,486
6051,520
2235,469
4251,467
2239,511
3191,475
7931,498
2787,515
9735,486
83,508
8989,503
4853,512
9795,530
7313,508
735,500
1279,512
1567,529
4951,496
6755,487
7329,497
2439,500
6435,502
3169,497
3963,494
95,502
379,518
1641,501
6833,504
2251,514
8945,479
9961,510
959,504
259,502
759,503
1977,532
4817,501
4163,485
7847,505
5775,517
5935,494
6555,508
961,528
8425,538
1035,512
2867,472
9089,463
4343,506
9289,495
491,492
2205,487
6749,492
4671,510
2555,504
2875,509
417,462
6865,489
7693,494
3957,504
8891,476
359,509
3499,495
685,489
1947,479
8147,520
8189,478
8139,499
8537,542
9387,489
3919,540
3737,508
8409,513
7071,481
8285,472
1431,485
4901,491
1187,497
8041,488
4749,471
8631,466
2175,515
1883,466
5819,480
2819,494
8179,470
483,496
1013,479
2591,509
2017,504
5533,505
5129,487
8433,502
4173,497
4381,494
2613,502
9475,527
3061,496
2837,510
3045,499
2581,506
4903,517
9457,500
5455,501
2281,503
6087,522
9135,512
1369,527
1755,481
601,515
1623,517
2361,492
2653,502
2059,467
4779,509
3067,511
6233,479
123,492
3323,494
4799,485
4663,495
6905,517
4369,500
6911,484
4477,485
4925,488
177,497
8087,509
9511,498
3653,514
6969,490
2507,480
9869,531
9941,484
4913,480
2641,493
4435,502
9237,506
1481,522
4641,500
3533,486
7677,489
7645,512
9799,517
6889,516
3569,511
5497,486
5341,521
6945,488
8169,513
2917,504
219,523
2829,533
8787,516
305,517
5227,484
9035,535
1417,481
3655,493
5073,506
3541,492
671,498
7959,533
7047,538
7229,522
9957,486
9507,501
4637,504
7849,485
4289,520
9561,512
6245,495
1981,498
4305,491
6995,492
587,507
4103,490
7281,496
9533,485
9643,502
1133,463
5249,487
117,482
2297,469
1795,482
245,488
9529,499
3337,488
1205,510
3685,500
5519,485
9569,501
3713,502
163,496
5565,475
5517,517
1117,506
2321,501
2151,509
2497,495
4905,471
7191,510
209,481
3853,516
1123,499
2079,508
5957,462
1911,491
8195,507
5401,492
4949,477
1545,492
1933,501
7271,515
3549,485
635,508
5095,533
4729,484
171,508
6369,510
3137,485
9607,503
2005,497
9641,476
5143,491
3435,488
7195,500
6205,494
2527,508
5499,476
8467,498
679,520
1483,475
1651,477
1207,510
543,511
5753,490
5147,500
6909,510
2629,477
5217,515
8209,497
981,487
4063,508
8011,493
7407,489
9481,529
9615,492
6893,513
299,512
4097,515
6335,493
1769,491
2893,493
3029,519
539,517
3575,497
7461,497
1865,494
5961,470
1139,486
4623,509
1809,501
2425,498
3357,488
6479,504
6039,534
6301,522
8003,511
8841,514
7575,491
6551,506
7393,523
7009,524
1265,486
2053,503
7383,502
8609,524
8321,454
5657,508
1681,484
897,513
4165,522
3539,502
1959,509
2749,509
1365,493
6861,511
6005,514
9613,475
6249,499
4513,504
5171,504
7099,479
7507,506
5719,447
9673,510
2561,494
1919,474
2113,523
6527,517
6783,506
1935,480
4983,515
2245,524
2809,504
633,483
8843,483
5943,516
3105,499
7447,537
9717,458
3785,522
4047,489
2689,502
3183,498
3855,507
7583,500
5043,478
4115,493
5285,469
2137,519
3447,518
435,507
5975,512
1293,483
5025,511
7789,514
8691,483
3511,518
3345,481
4217,504
699,482
3873,492
8083,474
3885,499
6243,512
9037,479
6423,505
1459,489
3013,506
5033,488
9243,494
6781,511
5251,521
3579,498
6677,526
891,488
2679,526
6739,517
8035,510
8947,495
8889,490
9053,491
1079,493
2889,486
6965,524
5691,504
4613,479
5333,505
1209,485
1095,497
3921,487
4559,483
6401,507
805,518
7723,513
3717,503
3257,499
817,522
9991,500
7919,493
4815,542
4499,484
6419,495
4743,519
8507,526
8923,465
767,547
319,514
3931,496
2161,527
1253,504
8657,495
3317,496
9687,469
3053,509
6929,509
1473,510
5445,497
913,501
1771,483
4677,495
5571,505
8677,522
175,494
497,491
9165,522
6923,515
6237,494
3927,511
5809,489
9193,492
6127,491
2295,498
1141,478
6227,522
8447,509
4971,533
5117,515
6887,522
3719,513
4421,502
1495,503
6371,500
8567,523
2907,475
9253,485
8955,508
7285,498
3481,494
2149,483
1899,521
9041,496
8713,494
9185,503
5247,501
7133,507
7483,492
5103,506
2449,512
7005,521
9811,532
6599,505
1153,499
471,511
627,508
9479,483
5635,465
8251,511
7031,494
7253,508
3799,523
5993,487
6615,501
8469,501
9711,523
3283,478
1381,503
1715,501
6119,506
3121,506
391,492
6545,473
4105,529
2447,477
8853,476
9959,512
8393,505
6819,481
3675,512
2301,516
2575,480
349,503
6897,514
7395,482
6429,508
8573,475
5693,506
2883,513
4721,494
9487,482
4309,523
9229,498
45,517
3797,523
5179,497
3151,512
5559,485
6363,525
2095,507
3841,528
8255,485
4649,498
7157,504
9741,496
1457,494
6719,489
9011,527
6639,514
9889,516
9139,501
6477,481
853,493
6323,494
7675,499
1781,478
2509,506
5469,510
7149,533
3955,511
281,512
6675,490
8117,491
4459,495
8233,525
2203,504
1861,478
3035,491
1285,514
4443,486
3707,487
3415,495
1701,489
3933,508
2795,479
1301,507
2453,479
1841,494
7683,509
6877,465
4349,517
1201,482
6239,496
8645,503
3405,482
7051,528
1517,515
5735,482
9201,524
1663,522
4259,487
9633,492
3887,506
5881,499
6775,503
7997,479
3223,492
4977,505
6977,493
6543,469
4567,478
7053,523
2073,477
3371,489
3209,487
3871,500
5003,505
373,463
369,499
5371,518
5591,493
6825,492
5905,511
7117,519
5759,502
7925,495
3837,517
3255,464
3547,515
4645,514
8911,488
4431,505
3325,500
4755,511
7443,473
8769,495
4351,489
2051,507
4457,513
9197,500
4703,498
5429,508
3753,484
2785,509
4801,522
17,506
3577,477
2331,462
3651,521
3015,474
4077,520
4643,501
5909,498
5707,516
9783,512
6505,499
2863,501
8873,457
9133,483
4363,500
1889,510
5731,516
8913,490
77,533
775,475
3683,491
3063,509
7695,471
8257,481
9351,484
7301,482
1971,496
4509,507
7853,493
3693,499
7697,512
4969,480
6397,491
5569,502
9445,518
8949,504
2163,503
3171,480
3385,485
1475,533
5507,497
9125,516
8569,485
6035,503
9409,511
4599,497
6637,502
2857,504
8377,512
1823,474
1801,508
8493,485
1551,493
3807,505
6933,478
1873,492
885,486
1579,520
263,510
2845,516
1477,508
4947,487
5467,495
2879,508
1563,485
3347,503
4751,491
4889,508
4101,507
3527,525
1025,535
3593,502
7907,495
8749,511
3505,484
4633,503
9845,465
4319,493
1671,502
2009,494
8711,494
3891,484
5071,492
7001,512
7487,526
6131,503
9563,494
3665,497
7399,497
9871,507
8851,524
4517,529
8307,472
1709,490
7589,501
5689,482
6135,490
5425,517
847,502
9503,486
9397,489
3695,501
9339,505
3411,508
1693,502
507,503
2271,484
4451,495
181,503
571,499
4619,523
8153,509
9009,508
3243,520
3821,506
3413,502
1585,503
3249,493
5321,536
9423,515
5785,505
3585,472
7207,498
4429,498
8261,507
9531,520
6373,492
4571,512
8739,472
2197,507
6817,501
4993,499
6167,500
7057,515
9745,528
9473,524
937,481
5737,526
6159,488
9981,504
2633,492
5159,487
1171,480
5921,503
4819,501
2441,504
7459,498
9995,502
9385,501
9751,466
3185,495
5659,552
9537,488
279,489
4547,488
5061,506
6049,491
2835,491
7661,467
7291,513
9747,480
8241,491
6277,526
1007,492
3011,505
773,525
7601,498
9249,454
7109,498
1727,490
3057,495
4767,496
3021,492
5501,475
3975,503
2257,501
9333,511
613,515
3553,492
5173,514
4845,483
6017,481
943,467
2429,486
2859,486
9557,506
6601,501
7879,485
763,526
8113,494
3775,496
6139,500
6125,506
6415,471
7417,482
6079,491
8243,502
1233,522
2551,516
8047,498
1653,508
9295,510
2637,483
5313,493
5879,511
3629,483
9163,492
5827,512
7979,511
5647,507
757,518
1023,528
2001,522
3563,478
1737,488
3099,507
1089,490
5903,521
3639,511
6235,496
6769,487
7813,502
2757,492
9497,471
6979,535
7911,507
3087,520
9303,472
9099,510
7087,510
4207,510
3557,516
911,489
2479,462
3261,507
4229,509
2727,500
273,520
4945,507
3327,515
6071,521
9513,485
3187,505
6407,487
4419,490
7187,515
7637,484
4301,502
8907,484
2241,484
6105,492
3645,500
7995,528
9881,529
7893,511
921,471
1183,514
1811,500
3329,494
3881,499
899,513
6381,523
1267,483
1387,474
8159,494
895,509
2505,487
9577,525
4427,473
8647,499
2311,469
1367,519
4669,516
2179,463
8123,482
5873,500
7295,468
361,501
4701,503
5459,475
9447,493
6985,481
1303,522
5029,486
9591,495
9785,487
881,467
609,491
9909,507
4193,480
3181,500
7179,502
8427,503
9337,483
4511,502
641,509
9275,519
1547,517
1685,494
7327,493
1625,506
8343,495
5643,482
4965,506
9471,477
1591,506
4621,472
7663,527
1415,500
7177,513
1449,497
7531,511
4741,520
5399,495
2145,487
9599,530
3625,496
3509,511
9225,498
7623,502
6661,493
1535,512
2877,473
5587,489
5023,481
9375,503
8245,511
2531,510
2209,497
4673,481
8091,519
8661,518
5681,494
8967,496
5609,518
9085,488
8599,521
2751,485
1045,479
2989,491
681,513
9075,507
3277,521
1639,494
6459,505
1695,489
9347,502
8219,438
2981,511
1875,512
3657,502
6393,488
3907,501
2895,474
5917,500
8001,531
9661,470
3523,507
5527,518
7367,485
1969,524
4611,484
1773,482
4865,506
7991,506
9525,506
8719,517
229,513
953,480
783,499
3899,483
4137,533
3297,511
7241,525
8075,500
7217,503
7085,502
1507,507
9191,454
5925,491
8297,499
2651,526
2611,502
5099,501
7167,488
2407,512
5357,488
655,514
4387,497
9061,507
1629,490
5687,512
7465,532
9145,481
6571,490
9003,529
997,470
2085,490
9501,511
9407,493
9571,489
3163,488
7983,491
1397,498
3965,486
167,485
7599,470
3241,497
4635,492
7093,500
5309,495
3765,508
5705,467
3127,504
5223,504
8337,495
5835,528
5885,509
5859,497
9411,492
9297,510
1051,500
5195,479
5831,505
6957,516
2925,470
4455,502
1411,519
2309,493
1539,512
7943,515
2939,518
4187,523
227,499
4689,507
6191,487
1351,488
9713,512
4929,478
7703,512
8521,518
7513,504
4273,484
6143,475
7341,527
669,507
7365,491
2423,514
101,519
8295,472
3637,506
8027,475
7799,483
3833,489
3427,496
2097,505
4563,492
8743,505
9313,487
4999,504
383,503
2489,509
3567,485
4095,516
459,541
6291,493
1327,497
3377,496
4175,524
6405,481
7059,531
1627,488
495,487
8165,520
341,508
1543,503
9149,501
9697,508
4989,513
1323,476
4135,530
4183,491
5119,494
8101,520
8335,481
41,503
409,543
7469,504
6495,474
7523,496
8761,494
2687,503
8481,518
4975,506
9079,516
6525,518
5077,512
7325,498
1395,534
213,491
2521,485
2201,506
9169,486
5915,519
877,527
6189,515
3647,476
2365,502
4737,499
5875,496
1333,500
1975,504
8081,498
9137,493
9559,491
7111,556
7079,496
1263,509
4859,515
5041,520
1223,505
6117,497
407,519
927,495
1751,505
4761,481
2237,487
4013,492
5271,497
8629,520
765,520
4271,493
6801,468
4987,507
2619,491
9543,483
3361,515
133,512
7243,511
7651,524
7319,507
7065,499
4769,510
951,531
3909,508
8319,491
8867,504
2635,487
4615,500
5245,489
1783,510
1655,488
3995,483
4177,494
4747,504
4687,486
5389,465
6101,515
7571,534
3265,521
2253,496
6003,498
3419,503
3677,499
3233,511
7647,491
7999,501
9917,504
1805,541
2465,490
2289,488
3107,514
4019,528
7971,493
6603,498
2681,486
3951,512
1761,507
7433,512
2191,508
7011,505
6839,536
4299,522
7209,512
9945,490
7259,523
8821,500
3455,495
451,508
3751,464
8915,531
5301,487
3589,506
3621,479
2573,512
3875,482
6333,501
9849,505
5929,522
4783,483
1925,494
6547,490
7963,485
1721,489
5537,494
3229,508
2405,496
2869,513
8881,492
195,517
215,510
5539,481
7451,484
4927,490
9049,484
9603,501
6763,508
4355,493
9807,491
2949,511
4939,502
5001,493
3423,486
967,496
8079,492
403,501
6741,514
3303,501
4639,518
8515,509
5111,506
1973,486
815,482
799,506
9499,507
637,486
6583,490
9947,479
8959,493
9063,495
7921,498
4221,493
4445,546
5363,464
8429,514
1029,496
6727,496
8633,532
599,529
2605,512
6645,473
3831,498
6307,504
4357,515
2963,515
2159,551
5563,487
1731,524
3747,504
5037,508
1689,511
1961,488
2487,478
8919,496
7977,518
9771,467
387,497
1125,487
9469,516
5471,526
6413,530
1049,489
8847,501
8199,475
1383,511
127,492
1399,489
3123,493
4269,504
1597,506
6183,498
9483,468
1945,501
827,499
6077,496
251,497
1509,485
9,498
3251,489
2011,507
6743,494
6577,523
651,534
6921,527
7429,506
4745,496
7495,510
1359,498
3031,474
1229,509
7113,482
4591,506
3679,513
7545,529
6829,525
4465,501
6163,529
7639,522
8345,501
7717,504
5393,489
6111,508
4933,514
1843,509
8673,496
2101,502
3845,482
5733,521
6309,497
2649,489
1699,492
4899,519
6867,499
1437,490
869,519
6095,508
3049,507
3761,468
3641,487
3999,487
2147,517
6935,497
4739,461
6561,503
6037,538
2141,522
5551,493
2459,506
499,484
5825,516
6595,481
4553,492
7727,497
3491,502
5629,530
8171,498
8529,497
3863,512
8707,490
6981,492
6701,504
6345,475
9265,498
9545,487
4099,497
8061,507
3017,504
6383,508
7633,506
9223,507
8303,494
5083,511
6213,504
9821,494
7377,485
5437,523
6461,527
5813,499
8277,526
7725,479
9181,522
683,485
4179,500
8701,486
5403,461
5009,496
5351,488
8741,498
8795,477
5949,495
8783,529
2091,488
3749,491
2071,485
6967,507
4247,469
1149,513
7029,521
1065,494
8221,489
4237,491
6329,484
8127,496
4315,482
6281,505
4825,510
8581,503
7701,491
4071,524
7107,494
9213,499
4781,489
1605,506
2067,519
3211,519
4075,506
7791,538
8653,495
1245,529
9157,508
6777,492
1235,497
33,495
23,489
1221,510
1979,542
1659,498
6283,519
3131,475
3515,494
5599,508
3,501
7115,515
9855,490
9431,523
7653,472
3189,527
271,497
1743,519
8175,495
8625,485
2019,507
2107,494
5349,489
9623,486
4757,482
557,484
2959,489
9255,481
4805,514
2291,510
4129,507
121,495
1167,514
1177,483
7491,513
1967,511
3365,509
973,464
2467,491
3867,526
3217,509
2393,516
285,507
843,496
9877,500
1735,503
5265,501
569,494
1185,516
629,506
7763,508
8721,505
5907,480
8005,485
8887,475
1435,524
5075,501
8543,506
9493,499
4463,472
6041,526
1463,494
3595,489
663,502
9453,480
1257,471
2127,500
7891,491
3617,495
9505,526
5895,488
7423,512
4475,482
1151,500
5183,532
4275,473
8361,516
27,497
2435,471
6589,475
2855,527
7063,549
3033,505
4023,518
6275,495
8465,517
9325,502
5791,481
8837,539
257,492
1777,514
3375,481
8885,492
1047,494
5027,488
1581,473
8203,501
4675,493
751,492
5677,475
9695,536
4483,498
6927,505
1503,500
5019,477
6891,497
7343,492
8557,526
71,484
8587,503
9019,536
8931,509
9105,513
8957,483
9285,504
8385,479
729,504
1127,481
311,482
933,494
8391,500
7135,523
9823,485
1923,517
8143,500
7741,460
9573,498
8229,465
1793,517
6083,487
4107,485
9851,504
8009,478
6385,493
1027,501
3311,509
9937,509
5087,482
4683,523
5701,513
9073,485
4489,518
9189,505
3205,494
6033,516
6255,501
2943,507
7681,500
1307,516
4659,492
4593,508
5199,517
59,493
9857,483
2299,505
4731,525
4539,480
5585,492
6631,494
411,516
3129,481
1315,517
4067,494
7067,510
7463,505
8863,486
8793,520
1611,496
7981,500
8987,487
8753,509
1541,525
6075,473
9597,527
6785,499
31,492
841,504
4215,483
7719,487
3619,493
661,494
9701,492
8733,495
1937,513
7819,507
6093,530
647,495
29,499
6009,517
2375,507
2759,499
7257,486
4249,499
8509,510
161,479
1817,496
8773,503
2523,487
1879,508
1101,512
963,506
9465,524
6199,506
7283,507
6007,483
313,485
2499,477
5215,521
7323,483
9657,479
3687,497
9317,506
2473,519
2169,469
7937,490
1129,492
8455,501
519,509
6259,503
337,492
7713,511
8685,530
5923,515
1529,506
9261,494
3309,500
2585,485
3663,482
8231,509
3221,519
6099,516
5849,497
7185,499
371,473
3803,505
5989,485
3609,491
9115,512
6297,480
1269,500
6487,480
5449,485
6197,467
2773,514
3897,487
2667,526
4519,501
6707,504
7305,526
8835,520
8683,491
575,506
3943,492
6437,516
1057,498
9127,493
8211,491
1767,488
7597,497
9725,473
5939,524
8007,489
9575,485
4267,488
2445,524
1371,507
5343,518
5431,517
65,506
865,521
35,508
4361,487
5039,510
5543,498
1349,523
9381,475
9639,516
7337,484
1341,492
2171,486
7371,495
6533,520
5941,520
1197,512
339,485
5523,509
5747,486
3407,512
6539,497
5397,498
4665,527
1705,511
8213,492
253,495
1173,495
1897,496
5281,471
4609,477
2813,489
7249,489
7239,505
2477,480
1497,482
1747,493
7825,488
4603,506
3745,486
7743,516
7885,504
2663,490
2947,526
6317,482
5633,498
1577,530
7953,505
5355,516
9689,515
9965,479
3115,518
1019,488
9727,489
1617,485
5963,486
2379,486
8619,501
8341,477
1819,503
3813,491
9765,476
5369,478
87,452
287,504
5493,502
5423,505
2243,490
455,519
1215,506
9907,487
2139,506
3883,505
9935,513
4147,489
691,515
2779,496
7077,468
2153,495
3335,482
607,499
2105,500
7585,480
2765,504
8939,506
2553,476
901,533
8373,497
7457,476
7525,501
8227,519
7293,520
5231,496
7643,498
4533,504
7493,499
5615,484
9683,485
8317,483
1331,489
5261,526
5953,479
5997,526
6267,545
6697,487
7565,502
2007,495
7821,530
2277,484
8583,499
4263,499
6515,502
61,512
7445,502
6313,529
9667,490
747,484
6903,518
3947,483
8775,501
97,480
6753,491
9797,511
3689,490
4581,516
9299,513
3627,500
9391,497
803,481
8549,473
2903,510
3003,486
3483,500
6491,487
7671,481
7903,498
5663,508
9891,505
5749,497
7761,504
9405,508
8157,488
2771,512
3671,473
6771,511
4119,492
979,496
7667,530
3691,500
5451,485
8223,505
8833,485
5513,489
6343,497
7759,530
1921,507
2313,477
9043,499
7605,512
5439,498
7767,508
4797,528
1645,503
5237,487
7935,499
2389,529
8709,483
1355,492
3433,499
6471,492
3465,512
3389,470
4679,492
5865,513
303,487
4359,497
1329,499
1073,542
201,478
703,502
4297,498
4283,509
2715,490
3023,506
7947,527
6085,547
7615,498
3409,479
2371,516
2231,478
3935,522
4601,486
6155,504
7749,470
2931,512
4169,513
1601,484
2471,499
8551,505
781,499
7061,511
8511,491
6951,521
8665,503
719,500
2973,509
5787,480
8679,520
9287,516
2659,521
6273,488
5619,483
7873,489
255,515
2853,501
3839,492
8671,488
1261,513
7775,511
9675,480
5577,484
5141,489
5531,516
515,519
7923,484
7609,499
731,477
6875,501
7989,508
9233,461
4849,478
2337,514
5583,518
2617,483
7729,482
8419,528
8789,491
6651,529
6395,507
2061,497
3111,499
2685,501
4691,513
7347,505
5671,490
5337,497
1241,485
81,511
8065,500
5867,497
9167,495
4877,496
7933,532
2805,513
4447,497
2597,515
3771,503
5373,509
7753,508
8193,468
8239,521
427,503
5981,463
8547,510
8737,521
7817,518
9307,501
8545,515
2911,491
8899,498
1615,514
1059,524
1829,504
7733,498
3289,489
3741,499
8275,495
1195,510
5699,506
8069,484
5573,516
9517,506
2421,515
1901,505
1317,496
2403,488
7345,512
4377,487
9837,509
4243,499
5797,480
187,505
7197,489
1433,497
1903,505
9929,491
8869,485
9581,499
4353,528
3953,467
6787,502
5151,494
2155,516
7255,503
8351,504
8015,501
7277,499
4627,505
73,507
9861,470
665,497
8611,480
5927,495
7547,503
237,512
2735,485
6835,500
7687,482
143,507
595,526
579,515
5131,475
8057,507
7361,511
2563,481
8407,492
389,507
8323,502
9231,511
6157,534
3603,511
7441,498
4493,484
5289,482
5823,519
2991,501
8735,466
2953,507
7479,492
7089,498
7137,482
9843,502
5091,497
2545,495
5557,492
5945,504
437,504
2565,501
2905,476
2753,471
2173,496
8043,467
7929,486
4055,514
7145,519
3777,509
3587,511
89,492
2729,509
4607,496
4891,521
7387,483
241,548
597,495
8483,498
8875,500
3101,535
481,498
1951,492
2491,504
4543,464
9763,514
7215,542
7169,505
8055,498
8503,496
277,529
1447,489
6567,499
4393,510
737,511
333,493
1775,491
7689,486
6257,502
845,484
1931,477
2221,467
2755,501
8935,538
6359,494
4617,488
8525,489
561,497
3157,482
2093,489
1559,488
5257,500
7437,492
1707,512
2999,487
2723,502
5515,501
3399,498
2275,516
9703,487
9103,511
5977,482
867,525
2725,461
3175,507
7657,511
2935,455
2741,489
8411,507
5057,529
3219,477
7739,461
1111,488
1939,523
7075,513
3759,483
7007,478
7797,521
8389,531
7175,513
7829,491
7881,510
4917,501
1343,506
4439,513
385,516
1913,496
4497,520
4771,486
2345,509
8025,510
3363,502
2645,491
9171,491
3403,493
8697,506
4699,481
6703,510
1493,482
6659,475
8829,533
6433,496
7795,503
9485,490
1385,501
301,506
4379,532
2099,501
7091,496
7561,487
1657,479
4279,496
4827,489
9737,505
3601,532
995,470
1115,487
7221,495
4997,508
4323,483
3769,496
4785,483
7773,487
3065,492
7471,480
6247,488
3815,503
4875,510
9939,503
5627,483
2357,516
2273,472
7621,489
749,477
6559,494
6915,493
5477,515
9439,483
5127,500
5745,513
5395,500
1421,484
7125,498
7317,509
9441,505
1211,503
8617,512
3781,512
9421,490
5287,475
1741,524
4695,529
9775,493
7095,492
2013,529
7309,517
37,494
9629,507
185,497
8695,473
3271,503
6203,489
4981,506
8941,492
4549,486
4811,507
203,517
9875,530
5323,506
5121,497
2921,484
6043,527
6961,507
2823,529
4151,516
9051,504
2063,480
2419,534
7389,501
8745,488
7895,493
7517,494
3723,463
1839,482
2969,509
3565,519
5303,480
7427,526
3711,496
3729,492
113,448
1779,489
7699,527
2225,489
3905,489
9583,504
4325,483
4329,507
5327,455
5093,488
7359,522
4583,492
5485,524
9277,495
8215,501
4527,495
6795,477
5495,490
7153,509
7569,494
9467,501
6507,515
8191,515
6123,511
7415,519
1519,523
8995,512
4515,493
3915,504
4331,477
4453,471
5377,483
3247,497
5783,488
551,506
6073,484
6055,519
191,501
793,482
4795,489
2965,533
57,499
5411,480
6365,502
4895,506
6949,490
7543,496
1295,513
8183,484
2469,491
9779,516
4321,495
3313,501
8779,508
5415,499
6299,465
9203,494
1193,497
7237,511
9417,498
2341,525
2625,485
5887,501
7131,493
2799,486
3987,508
115,516
4861,501
7225,487
1599,501
4873,520
5219,492
717,495
1161,502
8355,511
1941,512
6643,524
3489,488
4227,499
6765,497
7265,485
8053,524
823,513
8765,515
4503,505
5051,524
2849,509
8591,522
889,499
7567,524
2125,496
317,493
813,511
9367,522
4923,483
221,480
6449,522
6133,519
8435,506
8437,470
6493,488
2535,498
9455,520
6467,505
4277,479
1401,503
7335,510
4717,500
917,482
9283,508
9671,507
1621,513
2355,508
5045,469
9259,538
8655,537
4707,497
1067,481
593,490
4073,527
2077,498
2075,458
3959,486
8471,514
4631,488
6485,487
3075,479
4265,510
2157,494
105,483
1451,515
9415,515
157,513
9949,492
6403,511
9101,504
3607,512
625,488
5367,504
6443,495
5771,501
1403,491
4833,493
7939,511
2589,482
6575,492
9753,510
8961,498
4693,532
1083,494
4157,524
5297,482
9059,495
9955,492
7721,514
9693,490
9015,498
1963,496
3059,511
9111,522
5803,490
9323,508
9759,501
9045,501
1895,499
9205,490
9841,499
4003,477
7649,495
837,484
1667,498
9353,486
1589,531
4375,481
395,471
2431,529
4461,478
3307,494
1675,507
617,477
9393,501
1213,500
6901,499
9147,534
9539,520
6513,512
6339,517
3117,494
1313,503
8085,511
1309,518
5821,512
789,522
3545,496
7535,477
6169,497
8877,489
9953,501
8103,505
9419,495
3485,506
1719,494
323,504
7069,479
6029,490
9773,503
8397,497
1647,484
5191,485
1633,502
9853,487
6853,506
205,500
1275,481
8013,482
1929,497
7033,515
8895,478
4335,503
1391,526
8367,485
7731,485
7045,491
1001,506
2821,487
47,506
7777,509
6327,522
7883,496
989,513
4837,496
6885,499
5305,522
207,481
3941,480
9395,520
521,508
8267,500
8379,525
991,490
5777,494
9383,519
377,512
7869,497
9429,513
4719,471
5847,504
9477,482
2353,497
2967,523
155,512
3525,513
6031,484
6761,510
7559,502
6535,495
8357,494
1687,484
4823,503
5695,513
8339,521
4159,516
3155,495
8565,514
3197,498
4733,462
6573,484
8315,504
7785,504
8077,493
5133,524
8405,525
4401,481
3339,498
7707,499
4233,483
7081,496
8121,514
931,496
5081,493
7533,483
7591,492
7665,509
6229,481
1419,477
3949,520
6593,488
6827,495
4667,498
4411,502
8727,500
5893,482
9647,488
6737,514
1717,491
801,495
3139,506
131,534
5229,497
8953,517
6605,498
7613,504
8031,523
4089,474
7397,515
7409,490
293,475
93,520
3789,462
5243,493
3611,499
8089,516
5869,523
5653,500
7845,505
8505,496
6693,503
8799,482
9357,477
3487,512
7425,502
7321,504
8929,507
6207,508
4481,508
4043,512
4763,488
3161,486
2387,483
7603,509
7771,507
1075,498
7165,485
7213,498
1297,514
2721,508
79,492
3513,509
6151,504
5047,511
8725,503
603,496
4577,510
541,498
1749,504
7833,478
3835,487
741,502
8291,485
5123,470
9027,517
5601,508
2615,470
7553,489
5385,515
1017,530
3109,487
9413,507
5889,500
7035,494
7315,514
9305,493
9495,498
6851,478
6457,501
5877,479
423,497
4735,478
4727,507
9549,512
1289,505
831,476
1225,510
2135,508
9921,490
5273,471
8325,515
6815,502
8049,494
2133,508
8905,503
8531,488
4037,523
3901,478
987,497
6591,507
3457,505
2293,502
5329,512
8443,485
9553,472
8603,479
7,473
9005,502
2187,505
4829,505
675,491
4555,504
1319,506
1405,474
5725,493
695,479
6531,496
5721,479
5055,504
6881,497
2961,489
8571,504
2669,483
1407,478
8217,518
1373,497
6149,498
2683,495
4661,495
8353,491
2415,485
7735,517
1155,507
1565,476
6847,488
3293,487
2279,501
9091,505
791,521
3497,507
1555,524
2247,494
8969,497
7967,501
9651,512
3703,504
269,521
6337,468
7083,518
9309,499
9435,527
9301,486
4915,512
7439,527
7691,490
1157,500
5079,506
8901,504
9927,522
6541,489
1175,504
8539,491
9819,532
7951,523
393,524
8473,480
5161,459
8861,476
9211,517
8365,512
1109,494
7521,487
4625,471
8499,521
7801,509
1243,495
7573,513
7751,482
5781,501
6321,510
6837,524
935,473
5553,498
2515,484
4061,483
7715,529
197,517
7043,482
7787,530
2985,495
4253,485
4725,522
8037,488
7273,511
9451,522
4791,492
7975,474
8479,486
4525,517
4025,510
6387,503
1413,486
1987,491
6751,498
727,516
4585,495
8731,487
4153,490
7039,508
3997,487
9987,503
9631,507
4449,496
7307,499
5065,481
5339,520
173,537
821,526
1181,495
3051,492
8857,528
7537,506
3971,497
9777,493
2891,520
4541,505
5987,515
1135,521
4909,486
6409,508
159,497
3133,509
5959,490
5017,493
2367,510
5487,493
8517,519
857,481
3529,521
2451,518
6451,523
7311,474
6349,470
2571,488
9739,499
4807,505
2513,481
3519,521
2023,504
6241,478
3783,491
3811,508
7421,499
2661,504
9359,497
2103,502
5435,491
8423,485
559,500
1799,502
7841,508
9723,515
3073,520
5443,514
2801,517
3083,485
5743,498
3879,491
573,492
487,493
4005,506
517,521
129,513
1271,481
4697,495
5283,484
9427,478
5967,495
9707,486
7843,512
5331,490
3207,519
4285,484
5325,508
5755,517
4705,498
2739,501
3983,512
6975,536
4973,493
399,479
6063,510
2121,488
8559,517
8839,499
2183,487
8463,505
1603,479
8607,498
9781,516
7501,524
1231,486
6061,516
5805,487
6279,510
4085,510
9731,484
5851,487
2671,494
977,477
9977,519
8475,494
5015,472
5379,490
7485,526
217,491
4597,497
8497,500
139,493
8371,484
9327,493
6231,484
9121,517
3095,477
4327,495
6869,525
533,517
1003,474
8289,507
4161,507
2697,475
4205,522
4403,477
6907,520
3743,520
6425,523
4125,483
9155,520
1759,516
165,502
6667,487
2717,483
3793,518
3823,513
4231,494
8151,503
4821,488
6455,502
7927,527
8623,499
3857,513
2123,525
8269,520
9989,494
5631,539
3493,481
1227,483
1573,478
4049,497
7629,527
1011,478
5655,501
8767,510
7019,490
3039,479
7349,491
8399,510
9331,512
1163,489
2111,482
5359,474
7481,477
975,496
5253,527
8485,514
5611,513
3445,550
4759,485
8161,501
5421,517
7917,486
3535,506
441,506
6663,495
8093,499
401,494
6983,493
2043,480
3321,492
2185,518
9161,504
8681,495
9595,507
1443,491
7183,485
3571,515
7227,501
2701,504
2923,524
1691,491
2673,516
1791,479
2539,481
2481,447
2885,489
6483,503
8825,518
1511,525
1569,480
8023,487
5857,483
9349,533
8751,474
461,528
879,497
9363,522
2537,490
4647,495
7539,471
8185,493
8135,507
7783,494
9931,528
151,517
9895,519
1821,485
5153,520
6057,509
5213,513
5021,512
6617,485
9123,518
6939,499
2055,489
8883,490
1375,456
4341,505
639,487
6689,490
6759,519
9791,525
2047,488
5919,526
8943,498
8675,507
9839,488
743,504
6621,481
1785,513
4367,500
6823,500
969,484
1389,490
1915,535
6045,521
199,509
145,517
1549,528
583,507
9905,495
6177,484
7709,480
4521,508
7887,503
8381,510
2343,491
709,518
6145,514
4569,501
25,492
2789,512
9491,503
3847,503
5233,516
6811,504
6947,517
7837,487
5837,497
8107,483
833,505
6713,506
7139,491
7223,477
7245,493
2839,485
7673,519
8689,512
7503,495
3077,533
993,487
1643,496
3631,534
2167,494
431,482
6807,506
1713,516
9887,513
8417,513
8763,523
1487,520
475,513
4167,529
9153,517
1259,506
7823,484
2533,483
4777,520
6691,525
4079,516
9279,513
2259,496
8893,532
5763,494
5211,505
8977,484
6879,493
549,503
939,503
4765,528
9241,502
3573,463
8019,492
445,495
9619,494
9681,497
1953,474
7877,513
5665,503
2417,519
2557,509
2475,532
4365,525
8635,510
5241,497
4855,496
6773,499
9541,490
9645,487
4219,474
8771,513
8523,519
5757,489
1815,519
753,510
2207,487
2329,508
4257,502
7871,511
9113,476
7173,494
4575,493
6011,507
1521,496
9979,483
6581,508
2971,523
1803,475
9825,495
2941,516
3779,481
1191,481
6399,482
4885,498
493,502
1637,497
1753,472
1827,513
4573,490
5427,522
3531,491
5897,496
5603,495
7155,520
7563,498
1147,495
2199,512
893,516
2901,542
5899,515
5197,505
8363,495
8849,500
8501,505
3315,481
1527,511
4145,503
4407,479
6181,488
9637,496
3215,478
5581,479
1501,487
8533,493
5605,486
9911,483
1957,513
2027,545
1871,510
2691,535
6793,510
9835,486
659,489
5277,471
861,529
8071,493
5453,485
447,511
3319,490
6991,474
2427,480
5175,510
6711,490
6269,484
1989,499
3353,512
6319,509
3893,497
2119,504
5697,501
9519,490
367,497
331,499
6717,484
6649,508
7865,490
6953,503
4595,503
5269,493
7369,493
1575,521
283,517
429,511
4255,504
3985,513
9039,526
7123,520
6015,475
2693,506
8287,495
2035,513
1583,495
1467,516
3725,479
9743,489
1199,485
5509,505
2195,493
5353,535
851,525
6943,512
1425,506
3659,524
9463,503
8017,497
6509,534
9997,512
9335,501
3981,508
9403,505
787,518
9699,506
547,474
4031,534
701,493
363,488
6265,480
8249,518
645,484
4033,482
4809,471
3259,527
4831,506
9527,464
5951,524
419,508
345,540
711,500
3341,507
6215,481
5139,505
6439,509
2143,503
9345,480
8909,493
1219,508
6251,481
6537,503
5225,478
1833,513
4557,491
6789,498
771,509
4495,533
8487,512
6185,486
8641,517
9611,521
3705,510
8445,486
1997,498
849,509
3043,489
1055,482
2627,514
5703,507
3145,498
8777,498
2781,477
6103,508
4857,514
6993,494
7779,503
7811,515
8459,515
3555,495
8831,499
2767,482
351,518
589,496
1353,499
3429,465
469,484
2827,489
6193,512
3911,477
4081,516
3543,488
4789,491
8717,511
4241,500
2025,477
2763,489
7151,492
8495,470
7769,491
4589,502
8791,493
8451,523
1037,523
9267,519
3441,489
3767,527
9757,486
3923,495
3889,528
4235,506
6305,511
6475,529
907,498
1379,482
193,503
4091,520
2383,495
5709,515
4293,478
2733,457
513,496
5767,477
6271,504
707,513
7655,510
4223,472
8993,484
4523,496
2871,501
2433,486
3305,487
2881,498
3019,511
6757,492
7993,508
449,500
4245,485
8431,487
2411,495
5063,499
4415,519
2109,510
3263,521
9679,505
6669,498
8747,493
4389,516
2703,476
3991,498
5685,503
7073,486
8403,519
9365,517
7863,495
5765,504
5187,501
6481,461
2041,504
1203,476
4921,513
6925,518
9461,487
643,522
5113,474
1729,512
9033,513
9239,514
2731,498
53,501
9227,489
3501,493
9659,475
3521,518
1789,485
6375,521
5853,486
8973,516
7097,519
3401,477
5861,500
9159,496
6963,489
8045,491
3819,527
6223,465
6107,501
69,504
1081,505
8585,522
4851,503
5235,479
2265,482
91,510
4881,500
4961,535
4109,490
4139,529
6735,502
5621,485
119,503
2707,502
3463,502
6263,528
511,494
3989,506
8859,482
8605,504
5209,528
5623,506
1867,487
477,505
7855,482
8205,532
1121,515
883,499
8729,474
653,501
925,479
5491,496
1291,493
6517,496
2057,469
3173,516
4141,509
6813,513
2777,495
4117,503
4385,524
6165,482
2609,500
6809,496
523,494
7965,486
5461,509
3079,505
5567,482
999,493
9269,488
1607,513
2519,523
4953,489
9183,499
4127,499
6715,498
839,503
3599,502
5069,498
1063,493
1091,517
7711,477
9609,487
3801,487
1619,521
3925,513
5779,516
9117,498
4057,506
6855,499
4911,511
1863,487
2945,505
6391,497
295,472
1877,510
4423,556
335,497
9449,492
6253,519
8649,481
3135,515
7405,502
2115,493
6175,470
9879,514
8383,497
2181,477
7381,490
7803,504
4029,503
6331,510
3275,507
8173,503
297,516
4931,483
723,513
3859,486
6351,482
529,496
7203,507
7515,511
7875,489
1239,504
5335,496
235,488
909,502
1471,507
2303,453
4171,508
4111,473
3479,499
5845,511
5841,479
9971,504
247,498
2979,484
4501,497
4813,507
3673,500
9983,494
9903,487
5413,524
9399,497
7973,502
9817,460
1441,505
6579,502
6447,490
3359,503
3967,505
1669,522
1061,521
8489,498
9195,522
2377,472
3715,485
3291,489
4587,485
5673,495
697,490
945,495
7685,497
6465,479
7793,490
2131,510
3727,490
9425,506
2385,507
1893,478
6187,499
8235,503
2793,483
9621,502
3597,499
8293,485
7385,486
8097,527
565,495
2037,487
3149,494
3037,496
5035,498
3369,467
6999,469
2083,503
5995,493
3269,500
4045,478
3945,505
4059,485
5291,513
4339,489
4491,493
2593,487
4479,499
137,524
5149,517
8937,498
6367,507
6919,495
231,527
3119,506
3439,480
3551,508
7235,515
6917,517
2269,488
9221,502
2825,489
9769,510
5793,508
149,502
3125,489
4123,521
3473,490
6325,492
8313,499
7103,494
5115,475
1087,516
4039,508
6767,507
9437,509
1679,512
5729,501
2559,514
3735,484
3697,494
109,502
3425,504
5319,511
6883,518
15,515
2391,484
9863,506
8039,510
2255,498
903,483
4191,547
1983,509
4441,492
6067,495
4713,499
3081,518
5541,506
7455,520
4507,524
8871,476
6849,505
1489,508
8879,473
9885,493
9077,521
6683,505
9969,509
9923,494
223,492
3471,478
7267,524
7027,477
9655,495
9023,502
6779,510
2347,484
5667,473
1649,508
8845,510
6597,498
153,465
807,497
6845,508
3917,504
289,509
9767,504
9515,511
7941,496
5155,514
1787,487
2927,515
8095,517
3961,506
9901,487
3093,486
3239,490
1299,483
4433,478
5419,515
6293,511
2919,498
8981,490
7529,486
2065,512
5105,502
8663,518
2977,504
4027,499
3507,512
7549,470
6059,476
7477,502
8073,473
7401,507
2861,486
9509,495
8535,477
3739,518
4545,517
6959,493
2887,510
2359,485
971,527
6473,501
261,482
7303,501
7587,522
6089,515
1485,511
2455,497
5165,491
5971,482
1491,502
4311,473
6841,485
9489,490
7379,472
8033,467
8669,491
1965,488
8327,489
7141,501
4383,473
1613,515
2283,496
4793,501
6529,501
8347,499
3829,531
1251,478
3667,495
425,511
4485,497
6619,500
7955,528
1991,487
4847,495
8563,482
3773,506
9605,524
7269,511
1039,481
2525,486
1571,486
325,522
8865,493
2743,501
4505,490
4529,513
9523,484
5011,482
5473,489
4051,507
7861,525
9627,511
1021,521
1455,483
6705,503
3397,511
179,483
7403,467
2483,485
5205,483
3681,493
983,526
9649,485
2233,512
949,506
1955,487
4155,474
3459,497
1917,468
7987,486
8145,497
3235,483
1041,493
5855,502
8785,479
8627,508
8659,507
9715,513
1703,514
7831,507
4709,476
1423,507
1887,518
687,521
7431,493
9733,507
5773,505
8421,496
6463,496
9199,519
485,479
7835,494
4203,491
6931,495
9373,493
2831,471
9219,483
2933,475
8805,478
7373,526
9443,501
1105,495
4867,508
233,485
1249,498
1985,489
6153,487
537,522
6411,525
9985,517
3355,508
5407,511
3333,488
6623,498
6685,497
8141,488
5031,501
8639,510
9151,466
3787,513
6733,480
4893,513
5817,496
3605,505
8643,497
5279,490
147,504
315,494
1831,499
4337,503
5067,508
8265,492
4775,474
9013,486
1907,523
7023,471
1445,515
6695,511
11,493
1661,505
5891,473
8809,523
9755,507
3791,480
4069,509
7287,495
9567,499
6955,517
9187,497
4065,499
7299,486
4281,504
443,483
5969,484
8723,521
5145,504
4605,500
3383,481
7025,491
4871,490
1255,504
2305,518
4287,485
9217,482
3661,502
21,493
321,492
577,514
715,508
5641,534
7015,513
8527,478
2323,499
3467,516
2397,507
6065,483
6311,503
2081,490
5973,476
6989,505
9589,497
3869,478
489,507
5965,481
5135,495
7489,530
2517,513
3391,491
6803,508
6303,503
6287,503
4711,516
1165,503
9893,529
1677,510
2747,489
855,516
1851,496
929,456
2929,475
4007,500
3195,501
1099,490
4937,496
7809,517
8177,510
8985,488
2709,514
1505,484
2987,531
5481,477
1635,495
2587,515
3537,530
375,478
3177,520
3495,508
6501,487
4773,516
835,516
8115,498
6709,485
275,473
8359,512
4211,500
9551,455
2897,512
2263,474
8453,514
5307,488
6211,507
919,500
1825,503
9007,482
2413,498
3253,489
4897,491
6565,509
2865,490
6587,509
3623,507
5871,528
3461,472
6221,507
9601,508
467,479
4333,491
3805,495
397,513
3709,493
5293,496
1107,539
1949,489
631,512
3969,493
3451,499
863,528
4197,492
4371,502
9663,510
4201,494
5595,520
7013,495
9095,486
5795,484
6859,499
501,482
3071,495
6797,501
9107,505
4537,530
6973,487
6357,505
6585,478
1531,485
3825,494
2193,501
5053,521
267,488
8331,494
8979,474
327,493
6747,506
5007,494
6941,502
3379,505
3201,510
7905,495
9593,486
7017,491
5525,496
1337,526
2529,497
415,509
8595,480
6521,515
9257,496
5365,482
1673,511
9897,502
7021,504
3417,506
1891,509
1849,494
103,478
4985,489
5911,505
9665,512
9281,496
6341,480
6417,502
7899,498
905,510
2069,484
6497,528
343,491
8225,505
5207,478
2713,450
7101,503
2495,515
7251,485
1853,502
2213,513
3025,487
3285,493
5789,495
7475,497
3287,506
7839,526
1537,506
5751,511
7827,521
1287,505
5711,487
4879,510
5299,450
5347,493
9341,488
1321,510
8815,495
1347,496
2975,493
5167,515
2031,484
1697,499
923,483
2363,490
5049,485
2461,476
51,499
5107,528
3199,511
567,501
2463,486
4629,477
421,478
5669,542
1733,490
5815,504
6745,480
1009,485
7419,477
689,521
6799,497
1077,524
555,488
5985,487
2409,495
7003,511
2737,487
9579,502
6179,505
7049,493
965,491
7805,525
4053,518
5441,492
829,505
3281,512
5991,487
8369,509
3755,518
8519,526
3373,488
9389,503
3993,504
5579,506
7193,500
3733,512
4213,486
8579,505
249,498
6843,505
9273,498
9329,490
5947,492
8897,511
8925,517
7641,491
7275,495
1561,507
733,521
2579,496
7333,485
6687,520
39,504
3331,500
7913,491
9521,462
769,510
2327,467
2033,503
1905,498
4803,492
7961,486
3113,480
7509,484
7263,505
4295,529
8491,486
9813,510
6913,490
7163,512
8273,474
957,506
1723,485
3437,495
8131,498
5089,486
2791,489
211,508
3055,489
3475,497
4469,526
9547,491
7161,495
8281,481
1609,504
2851,513
5801,500
509,490
721,486
2665,489
8963,489
9291,486
1015,508
3009,484
6027,513
985,482
4239,497
5807,496
7745,496
677,495
3559,518
2315,484
3979,541
8781,503
8109,481
8975,495
6441,488
9899,510
3477,491
2937,509
4345,505
809,489
5311,507
2631,507
3273,500
9047,496
5185,498
9685,523
5937,491
1533,511
4397,492
6871,472
5717,497
7127,488
1145,528
5617,493
6053,475
8513,498
2485,502
1033,490
591,496
5125,486
9809,514
8819,481
5999,501
1943,478
2503,538
3167,481
2899,515
9653,503
8279,500
3097,494
3147,511
9833,517
6315,490
9951,514
6671,499
4531,500
5715,515
4391,494
8137,521
3381,489
8951,486
1909,490
2811,488
4437,490
6557,486
8395,486
4863,503
3977,474
2319,530
779,499
1345,515
4887,509
585,499
3103,512
5405,509
9677,503
6421,483
9369,511
4957,475
8803,511
479,511
1837,508
5259,502
8029,516
9729,507
5255,515
5761,511
5955,520
6147,510
8693,501
5505,522
3635,488
2761,481
457,490
615,481
3929,508
6899,479
4471,500
6895,506
5535,517
1857,502
2577,501
2229,493
3731,508
9067,514
5409,504
4995,522
5263,484
5613,505
7595,505
2705,488
9691,506
353,492
6081,500
8063,512
3225,505
2129,516
5843,526
2873,463
7737,497
6209,461
8637,513
8305,493
941,495
5157,491
9129,490
2215,496
2655,506
9355,485
1999,478
7351,492
1281,520
3279,489
3817,462
4131,487
6699,523
2217,505
1461,500
7755,496
4313,485
673,493
8329,510
5529,482
6629,505
9617,506
4185,483
6499,496
8201,479
8651,519
8259,488
169,482
9343,491
1587,522
9749,475
545,501
9975,506
9787,475
1189,489
7339,482
6225,526
8541,527
825,542
4009,524
6201,510
3143,535
1499,467
6723,524
1479,505
871,483
6013,501
7331,545
7527,525
5,497
13,509
3649,497
9705,504
4015,487
4017,507
5913,502
7857,515
3913,497
2349,501
5375,541
75,485
5361,527
7747,478
6633,533
7969,513
3179,492
7781,517
1465,499
2373,515
7867,515
9247,483
9293,514
9319,479
6971,498
4303,516
1335,505
2501,525
5555,525
8811,454
9535,499
4133,517
3027,515
5679,496
6355,518
5683,508
9371,522
4681,496
2621,503
1513,506
1595,494
4467,472
9179,488
6137,452
3193,465
7807,532
9251,499
9401,495
9587,491
2165,481
3633,494
777,511
1143,513
2317,492
4715,507
4991,514
1137,507
1757,502
3393,493
6569,467
1711,498
365,512
6431,470
1859,507
8021,507
6607,503
7669,494
3395,489
5417,499
5463,511
2227,493
7619,487
6641,495
7915,483
9873,510
8801,473
9555,523
795,478
2677,504
307,484
2643,495
6627,514
2957,493
7631,516
1523,490
7467,501
9709,477
6609,497
9993,516
9847,497
9311,475
9565,519
1995,493
4843,503
4869,486
623,475
6523,531
5457,517
1807,505
6857,493
535,494
1739,505
7519,477
605,487
2049,519
6673,520
2261,539
5625,514
7985,514
4959,480
3795,478
9173,492
6453,514
8111,511
6129,507
1097,494
8167,478
8561,492
1885,490
6503,502
7815,499
2219,509
4565,483
6113,496
6937,513
1409,516
6519,524
5637,500
3937,500
4405,482
5931,514
621,516
3721,510
4787,490
3583,489
5275,500
9315,502
3701,513
2607,525
5979,493
5163,484
1069,489
3581,518
6725,487
6997,495
9143,507
7957,503
5933,475
8703,497
1553,516
2843,527
6657,512
9109,489
381,523
3421,515
1217,524
3591,503
9057,462
1311,485
2339,515
3231,471
649,494
5387,487
6563,504
2089,520
6469,500
6655,522
505,517
581,496
4209,501
1427,520
5169,480
3001,485
7231,520
7901,478
915,507
1159,504
553,502
2675,489
4083,496
2333,490
4291,494
6549,481
7143,533
8237,516
8613,474
6047,511
243,506
3367,511
329,488
7497,480
5465,535
8555,487
8247,457
9175,514
9021,528
9379,482
2015,541
5383,506
9235,495
3343,492
7659,494
8299,508
2915,527
4347,532
1453,532
3245,495
8207,489
2599,496
8827,496
8181,540
7579,489
3861,493
819,506
4723,509
7037,484
8375,531
3443,526
439,498
8593,478
9789,512
3827,509
1237,476
5483,512
9883,495
8163,505
5177,496
9919,526
9083,494
265,506
7247,454
4041,486
8149,470
5661,500
6653,480
1515,503
3669,497
6109,526
8263,521
111,465
8813,479
527,494
6729,508
2623,480
8615,520
8903,497
9933,486
4121,506
5811,521
1855,494
3267,505
7411,525
6681,482
8667,515
5597,498
6679,500
4579,516
7355,487
2583,512
99,487
5109,511
2699,496
6805,491
8253,480
2807,495
7617,481
8129,491
7557,521
5741,539
1797,488
3301,487
4919,475
8553,477
7679,486
9967,503
2993,507
3387,512
4413,504
5675,504
8965,504
4935,486
7449,501
2847,493
705,485
797,501
4395,522
6001,477
9585,468
135,491
1927,485
2401,490
1745,479
5549,488
4655,496
6511,490
785,488
3613,507
4011,496
239,498
8921,482
3643,482
6873,499
189,479
7357,504
4093,508
7705,500
9721,497
9973,500
7119,514
4409,520
4561,489
8699,502
8817,518
875,509
2569,460
7949,506
9377,504
6625,502
2307,507
531,535
1071,457
8449,497
3865,493
1683,489
3089,481
563,515
2803,497
7505,497
7541,476
8105,496
2995,489
5883,513
7219,520
5589,495
43,485
2567,507
3561,539
4113,511
4753,505
5221,499
6161,503
2457,503
2039,493
7205,518
4841,513
3091,480
9209,524
1131,490
3895,504
5201,496
2045,528
2711,524
5769,514
5829,479
9017,493
6791,528
6389,528
9719,481
3453,503
5433,499
5391,495
5723,491
1043,519
9915,528
2745,507
5005,508
7121,548
6173,502
9141,475
4979,523
5189,485
9245,518
357,523
7851,495
433,495
2287,505
5503,488
1835,487
19,499
6379,481
7391,473
1277,495
7353,504
7055,492
2647,512
2189,518
1305,497
9119,504
8855,486
1525,492
9625,509
3085,506
473,489
2381,477
5521,503
1339,508
3843,497
4001,482
2549,523
6635,506
5101,489
8099,495
3047,513
6219,538
2437,520
2695,495
8155,497
8441,502
63,503
309,499
7499,526
859,496
2913,532
7607,455
6361,495
2443,497
5447,488
4941,504
1881,515
3005,506
5345,512
2595,505
5137,493
8387,497
8059,490
1631,495
5545,543
6021,522
7261,497
8807,491
9793,505
7211,481
5511,494
5607,504
4967,492
5317,506
8349,481
2601,499
7611,522
9271,486
5649,478
1439,510
525,498
3939,510
5475,514
6863,501
5575,521
8933,499
2955,536
6295,501
413,487
2029,490
9827,501
3213,496
6347,502
7897,502
1357,508
5833,505
9093,512
3849,501
8927,512
1847,496
2399,505
2639,524
5645,487
5267,501
5739,499
4907,537
9865,525
1869,498
4143,509
3615,501
7473,498
761,510
5901,482
6427,492
9087,503
1765,518
1763,478
5381,513
5085,515
463,515
5097,520
6019,498
8575,507
2267,509
7279,499
5651,534
7635,491
8415,518
49,525
2223,497
1085,485
2249,496
693,491
6445,524
7289,486
8271,516
4199,517
4417,508
4181,490
5193,470
8125,515
7199,515
8413,533
9669,498
9761,515
2547,492
7363,489
7765,506
8705,496
9433,485
5013,532
8067,496
6069,528
9131,494
1469,480
141,508
3469,474
8823,477
1273,492
2775,481
7201,500
1113,514
2177,494
4943,494
745,486
7859,486
8991,492
1247,493
955,500
7233,499
4473,518
7555,496
8797,524
4189,487
1179,493
7551,535
9803,500
4035,491
2833,495
3851,514
8971,497
6025,510
125,523
1665,499
4307,492
1429,471
4963,497
6023,499
611,496
5547,487
5639,494
2951,502
9263,518
8187,502
2211,471
2997,496
7181,520
8477,509
6721,488
887,523
3069,483
1169,512
725,532
1725,503
6289,478
2817,494
8309,495
9031,482
4883,502
657,515
713,520
6285,457
7577,491
8759,492
1283,506
8197,508
9321,499
2719,508
6115,486
9065,534
8133,493
9069,468
9805,469
7129,486
9963,455
947,501
1845,466
2603,511
7511,506
503,499
4195,517
1119,483
8983,518
6141,501
3041,513
1361,492
2815,507
3159,486
6489,504
3349,471
2769,523
5239,502
8457,462
67,488
811,505
4261,504
85,514
405,478
2369,521
3295,475
5561,513
9001,515
2783,508
4835,507
1993,501
225,481
4087,477
619,515
4373,523
7625,480
2087,519
7593,490
5489,486
6377,492
3153,480
465,514
3763,490
9925,533
9635,513
55,493
5059,483
8917,513
3237,464
6611,484
9055,507
107,457
5983,502
6731,469
8301,521
2285,522
4021,516
8461,507
6647,520
7105,511
8999,496
3757,508
3227,505
5315,491
6091,510
4955,531
2983,497
6195,478
6665,489
5799,494
873,520
8283,505
183,501
8687,517
4651,487
1593,522
9207,501
9459,509
2841,497
9999,515
8311,502
7909,504
3699,504
2395,499
6353,501
3431,505
1557,514
1093,515
2543,502
3299,478
7171,494
1103,491
4317,556
4487,481
3503,518
2003,498
6553,477
7413,485
4149,485
739,498
4653,487
7159,513
8601,522
6821,513
6171,539
9815,511
9097,489
8597,527
9801,506
6217,504
3203,494
8051,504
3141,488
5203,501
7147,507
8621,459
