4685,37
9215,61
4551,55
3007,43
7041,47
667,45
1053,50
9831,40
8401,49
2493,44
4399,54
1325,46
3517,45
5593,47
3877,51
7889,55
8577,44
9361,54
3809,49
291,46
1,52
4839,45
3973,54
5295,54
8333,44
9071,49
9913,48
755,49
1813,53
9025,58
2335,53
8715,53
9829,49
1393,54
9029,54
2021,44
5839,48
6097,46
2797,55
3165,44
8755,47
7297,46
2117,52
355,52
9867,49
5713,62
3449,52
7627,55
347,55
6121,58
8589,48
2351,55
2541,52
6987,48
7453,48
3903,47
7757,47
4657,54
2325,50
7945,49
9943,47
6831,53
6613,43
453,53
4225,53
9177,45
1031,56
4425,48
6261,50
7435,57
1377,41
5479,61
1005,45
8439,53
2511,52
1363,32
3351,46
4535,59
7375,56
5727,47
5181,54
9859,47
7189,47
8997,48
8119,56
5863,46
2657,47
8757,47
7581,49
9081,53
2909,41
6051,47
2235,46
4251,50
2239,58
3191,36
7931,49
2787,47
9735,46
83,54
8989,48
4853,55
9795,54
7313,44
735,41
1279,53
1567,52
4951,46
6755,53
7329,51
2439,57
6435,53
3169,49
3963,42
95,52
379,53
1641,60
6833,48
2251,40
8945,55
9961,52
959,52
259,48
759,49
1977,50
4817,56
4163,50
7847,52
5775,53
5935,47
6555,42
961,47
8425,53
1035,45
2867,48
9089,47
4343,51
9289,57
491,47
2205,54
6749,46
4671,45
2555,62
2875,54
417,43
6865,51
7693,46
3957,51
8891,50
359,48
3499,46
685,51
1947,47
8147,52
8189,53
8139,56
8537,44
9387,56
3919,48
3737,48
8409,52
7071,44
8285,47
1431,55
4901,61
1187,51
8041,59
4749,48
8631,43
2175,50
1883,52
5819,47
2819,43
8179,50
483,51
1013,55
2591,53
2017,44
5533,50
5129,56
8433,45
4173,47
4381,43
2613,46
9475,48
3061,50
2837,52
3045,58
2581,50
4903,48
9457,52
5455,54
2281,40
6087,53
9135,47
1369,49
1755,59
601,54
1623,48
2361,54
2653,49
2059,54
4779,44
3067,41
6233,53
123,54
3323,51
4799,46
4663,48
6905,55
4369,49
6911,52
4477,46
4925,47
177,53
8087,50
9511,53
3653,50
6969,59
2507,57
9869,45
9941,57
4913,47
2641,52
4435,40
9237,48
1481,43
4641,49
3533,55
7677,43
7645,51
9799,47
6889,52
3569,56
5497,50
5341,57
6945,52
8169,51
2917,50
219,49
2829,47
8787,56
305,53
5227,55
9035,49
1417,60
3655,41
5073,53
3541,46
671,51
7959,48
7047,51
7229,54
9957,47
9507,62
4637,49
7849,48
4289,53
9561,54
6245,53
1981,47
4305,53
6995,52
587,53
4103,50
7281,49
9533,39
9643,46
1133,50
5249,50
117,51
2297,53
1795,48
245,50
9529,51
3337,52
1205,54
3685,48
5519,45
9569,49
3713,48
163,42
5565,50
5517,50
1117,51
2321,57
2151,47
2497,47
4905,54
7191,41
209,46
3853,41
1123,47
2079,54
5957,57
1911,53
8195,52
5401,46
4949,52
1545,43
1933,59
7271,60
3549,52
635,46
5095,49
4729,50
171,44
6369,40
3137,54
9607,48
2005,45
9641,52
5143,53
3435,47
7195,48
6205,49
2527,53
5499,47
8467,53
679,53
1483,47
1651,42
1207,53
543,49
5753,40
5147,48
6909,48
2629,34
5217,44
8209,50
981,49
4063,57
8011,49
7407,47
9481,43
9615,48
6893,51
299,51
4097,46
6335,47
1769,49
2893,55
3029,52
539,46
3575,45
7461,56
1865,56
5961,61
1139,44
4623,49
1809,52
2425,41
3357,47
6479,60
6039,51
6301,45
8003,47
8841,47
7575,45
6551,49
7393,49
7009,49
1265,48
2053,53
7383,50
8609,43
8321,54
5657,48
1681,53
897,50
4165,46
3539,55
1959,47
2749,52
1365,49
6861,48
6005,53
9613,53
6249,57
4513,54
5171,44
7099,49
7507,51
5719,51
9673,50
2561,42
1919,44
2113,49
6527,41
6783,60
1935,45
4983,61
2245,56
2809,54
633,60
8843,45
5943,54
3105,50
7447,51
9717,55
3785,49
4047,40
2689,52
3183,54
3855,53
7583,55
5043,53
4115,45
5285,48
2137,44
3447,40
435,57
5975,44
1293,57
5025,43
7789,42
8691,51
3511,54
3345,57
4217,48
699,48
3873,51
8083,59
3885,46
6243,45
9037,49
6423,58
1459,43
3013,45
5033,48
9243,45
6781,52
5251,51
3579,41
6677,55
891,54
2679,55
6739,47
8035,50
8947,52
8889,54
9053,50
1079,49
2889,42
6965,52
5691,54
4613,43
5333,47
1209,44
1095,55
3921,43
4559,53
6401,46
805,45
7723,47
3717,53
3257,56
817,42
9991,55
7919,55
4815,51
4499,49
6419,52
4743,57
8507,59
8923,46
767,59
319,53
3931,45
2161,46
1253,48
8657,49
3317,49
9687,51
3053,39
6929,50
1473,52
5445,56
913,50
1771,55
4677,48
5571,45
8677,47
175,56
497,52
9165,48
6923,46
6237,56
3927,54
5809,51
9193,45
6127,58
2295,58
1141,47
6227,53
8447,52
4971,51
5117,49
6887,48
3719,49
4421,54
1495,48
6371,51
8567,53
2907,47
9253,51
8955,47
7285,55
3481,57
2149,49
1899,59
9041,46
8713,62
9185,49
5247,49
7133,43
7483,47
5103,49
2449,37
7005,51
9811,53
6599,49
1153,55
471,44
627,46
9479,59
5635,54
8251,50
7031,56
7253,55
3799,49
5993,59
6615,49
8469,52
9711,52
3283,49
1381,51
1715,45
6119,47
3121,44
391,59
6545,44
4105,54
2447,51
8853,42
9959,47
8393,41
6819,50
3675,47
2301,46
2575,49
349,57
6897,48
7395,53
6429,48
8573,55
5693,53
2883,44
4721,58
9487,52
4309,49
9229,50
45,51
3797,41
5179,41
3151,43
5559,52
6363,43
2095,54
3841,48
8255,56
4649,51
7157,48
9741,50
1457,46
6719,52
9011,46
6639,48
9889,52
9139,53
6477,55
853,51
6323,52
7675,49
1781,41
2509,47
5469,58
7149,50
3955,56
281,51
6675,56
8117,48
4459,50
8233,50
2203,58
1861,50
3035,44
1285,53
4443,46
3707,46
3415,53
1701,46
3933,44
2795,53
1301,57
2453,53
1841,47
7683,48
6877,53
4349,50
1201,51
6239,48
8645,43
3405,47
7051,52
1517,49
5735,46
9201,55
1663,53
4259,43
9633,44
3887,41
5881,53
6775,41
7997,43
3223,49
4977,58
6977,53
6543,51
4567,41
7053,67
2073,46
3371,53
3209,52
3871,47
5003,49
373,50
369,54
5371,53
5591,57
6825,51
5905,50
7117,52
5759,48
7925,51
3837,48
3255,48
3547,52
4645,44
8911,51
4431,43
3325,46
4755,50
7443,41
8769,44
4351,46
2051,47
4457,53
9197,56
4703,48
5429,48
3753,48
2785,49
4801,52
17,54
3577,46
2331,60
3651,55
3015,53
4077,57
4643,59
5909,52
5707,47
9783,52
6505,50
2863,55
8873,56
9133,44
4363,50
1889,53
5731,46
8913,54
77,53
775,61
3683,61
3063,49
7695,58
8257,48
9351,50
7301,51
1971,59
4509,45
7853,42
3693,53
7697,49
4969,45
6397,54
5569,47
9445,52
8949,47
2163,55
3171,41
3385,50
1475,55
5507,55
9125,54
8569,47
6035,52
9409,49
4599,59
6637,53
2857,59
8377,49
1823,50
1801,49
8493,48
1551,44
3807,58
6933,48
1873,47
885,54
1579,54
263,42
2845,53
1477,43
4947,50
5467,39
2879,54
1563,42
3347,40
4751,47
4889,54
4101,42
3527,48
1025,44
3593,42
7907,54
8749,49
3505,50
4633,51
9845,46
4319,54
1671,47
2009,54
8711,48
3891,52
5071,52
7001,54
7487,48
6131,37
9563,49
3665,50
7399,60
9871,50
8851,45
4517,43
8307,41
1709,57
7589,49
5689,56
6135,46
5425,51
847,44
9503,47
9397,50
3695,45
9339,47
3411,51
1693,52
507,47
2271,47
4451,45
181,46
571,48
4619,57
8153,46
9009,51
3243,52
3821,52
3413,50
1585,46
3249,52
5321,50
9423,49
5785,44
3585,50
7207,55
4429,56
8261,49
9531,51
6373,44
4571,53
8739,46
2197,51
6817,54
4993,48
6167,53
7057,51
9745,51
9473,47
937,53
5737,53
6159,46
9981,56
2633,47
5159,48
1171,50
5921,52
4819,51
2441,49
7459,56
9995,47
9385,45
9751,48
3185,49
5659,51
9537,50
279,48
4547,53
5061,57
6049,50
2835,41
7661,46
7291,52
9747,47
8241,45
6277,43
1007,49
3011,48
773,49
7601,62
9249,53
7109,57
1727,46
3057,56
4767,50
3021,43
5501,38
3975,48
2257,51
9333,51
613,48
3553,47
5173,53
4845,51
6017,50
943,49
2429,48
2859,44
9557,45
6601,50
7879,44
763,48
8113,57
3775,53
6139,39
6125,39
6415,46
7417,51
6079,50
8243,50
1233,54
2551,56
8047,58
1653,48
9295,46
2637,47
5313,52
5879,53
3629,42
9163,49
5827,51
7979,57
5647,51
757,58
1023,52
2001,58
3563,44
1737,54
3099,54
1089,42
5903,57
3639,54
6235,54
6769,53
7813,51
2757,57
9497,46
6979,54
7911,51
3087,44
9303,55
9099,62
7087,51
4207,57
3557,60
911,41
2479,40
3261,60
4229,52
2727,44
273,49
4945,47
3327,57
6071,51
9513,55
3187,45
6407,52
4419,39
7187,45
7637,52
4301,60
8907,54
2241,57
6105,49
3645,43
7995,48
9881,54
7893,50
921,42
1183,44
1811,48
3329,52
3881,49
899,51
6381,47
1267,47
1387,53
8159,48
895,57
2505,51
9577,46
4427,47
8647,47
2311,48
1367,42
4669,48
2179,46
8123,43
5873,51
7295,48
361,49
4701,58
5459,55
9447,55
6985,51
1303,56
5029,48
9591,48
9785,49
881,49
609,53
9909,58
4193,51
3181,46
7179,52
8427,48
9337,51
4511,49
641,52
9275,54
1547,42
1685,43
7327,59
1625,52
8343,59
5643,60
4965,60
9471,41
1591,59
4621,49
7663,50
1415,65
7177,57
1449,53
7531,53
4741,57
5399,51
2145,48
9599,53
3625,53
3509,57
9225,51
7623,50
6661,47
1535,44
2877,49
5587,50
5023,53
9375,40
8245,51
2531,46
2209,38
4673,51
8091,49
8661,46
5681,57
8967,51
5609,55
9085,42
8599,54
2751,54
1045,48
2989,45
681,59
9075,45
3277,52
1639,50
6459,49
1695,45
9347,44
8219,55
2981,60
1875,36
3657,43
6393,41
3907,55
2895,51
5917,53
8001,47
9661,45
3523,37
5527,49
7367,47
1969,64
4611,56
1773,50
4865,48
7991,54
9525,55
8719,58
229,49
953,48
783,42
3899,55
4137,47
3297,47
7241,48
8075,37
7217,50
7085,42
1507,63
9191,54
5925,50
8297,58
2651,43
2611,50
5099,56
7167,50
2407,52
5357,51
655,54
4387,55
9061,46
1629,41
5687,58
7465,49
9145,55
6571,45
9003,48
997,45
2085,58
9501,49
9407,52
9571,41
3163,52
7983,53
1397,49
3965,51
167,48
7599,49
3241,48
4635,40
7093,54
5309,48
3765,49
5705,53
3127,52
5223,51
8337,58
5835,50
5885,50
5859,45
9411,45
9297,39
1051,54
5195,46
5831,53
6957,58
2925,51
4455,47
1411,44
2309,49
1539,39
7943,45
2939,56
4187,40
227,53
4689,44
6191,50
1351,56
9713,50
4929,51
7703,60
8521,55
7513,48
4273,55
6143,42
7341,58
669,48
7365,47
2423,48
101,47
8295,46
3637,39
8027,49
7799,56
3833,47
3427,45
2097,46
4563,51
8743,54
9313,47
4999,47
383,47
2489,53
3567,46
4095,52
459,60
6291,55
1327,51
3377,48
4175,56
6405,50
7059,45
1627,46
495,53
8165,55
341,47
1543,40
9149,46
9697,50
4989,52
1323,51
4135,53
4183,55
5119,53
8101,56
8335,57
41,48
409,52
7469,55
6495,54
7523,47
8761,62
2687,54
8481,56
4975,44
9079,45
6525,51
5077,58
7325,58
1395,48
213,49
2521,43
2201,39
9169,49
5915,43
877,63
6189,49
3647,52
2365,46
4737,51
5875,56
1333,45
1975,47
8081,50
9137,49
9559,45
7111,57
7079,51
1263,51
4859,55
5041,50
1223,45
6117,49
407,41
927,56
1751,57
4761,49
2237,44
4013,53
5271,46
8629,46
765,49
4271,49
6801,53
4987,46
2619,54
9543,51
3361,46
133,57
7243,49
7651,53
7319,47
7065,48
4769,47
951,53
3909,45
8319,58
8867,50
2635,48
4615,53
5245,49
1783,49
1655,55
3995,44
4177,52
4747,44
4687,46
5389,52
6101,42
7571,45
3265,51
2253,47
6003,42
3419,51
3677,48
3233,52
7647,49
7999,46
9917,59
1805,49
2465,53
2289,40
3107,54
4019,42
7971,52
6603,50
2681,44
3951,62
1761,45
7433,53
2191,46
7011,54
6839,48
4299,46
7209,48
9945,43
7259,52
8821,48
3455,48
451,50
3751,43
8915,50
5301,48
3589,46
3621,51
2573,50
3875,41
6333,38
9849,54
5929,55
4783,39
1925,44
6547,53
7963,51
1721,48
5537,53
3229,53
2405,50
2869,51
8881,49
195,56
215,52
5539,58
7451,51
4927,48
9049,55
9603,56
6763,48
4355,52
9807,54
2949,51
4939,56
5001,46
3423,61
967,44
8079,53
403,45
6741,46
3303,58
4639,43
8515,51
5111,52
1973,51
815,50
799,52
9499,54
637,47
6583,46
9947,53
8959,46
9063,47
7921,52
4221,42
4445,55
5363,46
8429,46
1029,56
6727,48
8633,57
599,41
2605,49
6645,49
3831,41
6307,44
4357,54
2963,47
2159,52
5563,50
1731,47
3747,52
5037,47
1689,54
1961,51
2487,44
8919,56
7977,59
9771,44
387,54
1125,57
9469,53
5471,42
6413,52
1049,47
8847,43
8199,49
1383,48
127,52
1399,51
3123,54
4269,44
1597,47
6183,49
9483,51
1945,46
827,55
6077,49
251,55
1509,47
9,55
3251,51
2011,57
6743,48
6577,44
651,49
6921,51
7429,52
4745,47
7495,45
1359,56
3031,56
1229,52
7113,41
4591,49
3679,45
7545,53
6829,50
4465,51
6163,50
7639,45
8345,48
7717,49
5393,54
6111,45
4933,56
1843,49
8673,45
2101,53
3845,47
5733,49
6309,50
2649,46
1699,52
4899,47
6867,50
1437,48
869,59
6095,57
3049,58
3761,53
3641,59
3999,45
2147,52
6935,49
4739,46
6561,51
6037,59
2141,51
5551,47
2459,51
499,52
5825,55
6595,64
4553,57
7727,46
3491,48
5629,54
8171,40
8529,52
3863,43
8707,55
6981,47
6701,45
6345,51
9265,47
9545,51
4099,42
8061,52
3017,55
6383,54
7633,48
9223,47
8303,45
5083,51
6213,48
9821,48
7377,43
5437,46
6461,49
5813,51
8277,47
7725,47
9181,49
683,49
4179,54
8701,50
5403,46
5009,42
5351,47
8741,59
8795,52
5949,46
8783,47
2091,51
3749,50
2071,51
6967,45
4247,53
1149,50
7029,52
1065,51
8221,52
4237,47
6329,49
8127,50
4315,51
6281,51
4825,42
8581,51
7701,48
4071,50
7107,47
9213,61
4781,52
1605,42
2067,50
3211,52
4075,55
7791,42
8653,52
1245,55
9157,57
6777,54
1235,44
33,52
23,46
1221,45
1979,54
1659,37
6283,52
3131,57
3515,46
5599,50
3,46
7115,50
9855,51
9431,48
7653,48
3189,49
271,50
1743,46
8175,50
8625,46
2019,47
2107,53
5349,48
9623,46
4757,56
557,52
2959,52
9255,50
4805,45
2291,46
4129,51
121,44
1167,47
1177,50
7491,43
1967,57
3365,41
973,50
2467,51
3867,54
3217,48
2393,48
285,53
843,47
9877,57
1735,47
5265,48
569,54
1185,57
629,47
7763,55
8721,51
5907,47
8005,49
8887,56
1435,44
5075,43
8543,55
9493,54
4463,41
6041,47
1463,49
3595,47
663,52
9453,54
1257,47
2127,49
7891,46
3617,55
9505,49
5895,55
7423,51
4475,47
1151,52
5183,45
4275,46
8361,53
27,46
2435,53
6589,47
2855,46
7063,47
3033,55
4023,48
6275,53
8465,47
9325,49
5791,47
8837,52
257,55
1777,48
3375,54
8885,44
1047,44
5027,41
1581,44
8203,49
4675,55
751,45
5677,58
9695,52
4483,49
6927,50
1503,46
5019,51
6891,45
7343,48
8557,53
71,50
8587,36
9019,56
8931,52
9105,62
8957,45
9285,47
8385,48
729,58
1127,58
311,47
933,47
8391,53
7135,45
9823,54
1923,52
8143,57
7741,44
9573,56
8229,56
1793,53
6083,53
4107,52
9851,48
8009,49
6385,49
1027,55
3311,45
9937,53
5087,49
4683,49
5701,51
9073,51
4489,55
9189,52
3205,54
6033,45
6255,54
2943,49
7681,62
1307,56
4659,40
4593,48
5199,48
59,47
9857,51
2299,46
4731,47
4539,41
5585,39
6631,40
411,47
3129,51
1315,42
4067,45
7067,51
7463,51
8863,56
8793,55
1611,46
7981,49
8987,52
8753,53
1541,51
6075,46
9597,54
6785,51
31,43
841,60
4215,49
7719,49
3619,52
661,52
9701,48
8733,52
1937,49
7819,50
6093,54
647,44
29,53
6009,51
2375,57
2759,53
7257,46
4249,51
8509,57
161,46
1817,48
8773,50
2523,48
1879,49
1101,46
963,49
9465,52
6199,52
7283,42
6007,48
313,53
2499,41
5215,46
7323,53
9657,45
3687,54
9317,47
2473,44
2169,48
7937,46
1129,58
8455,48
519,42
6259,54
337,44
7713,46
8685,49
5923,45
1529,55
9261,39
3309,51
2585,47
3663,49
8231,53
3221,46
6099,42
5849,50
7185,47
371,50
3803,41
5989,44
3609,40
9115,57
6297,47
1269,45
6487,61
5449,52
6197,46
2773,46
3897,57
2667,45
4519,52
6707,43
7305,47
8835,51
8683,52
575,52
3943,39
6437,52
1057,49
9127,39
8211,60
1767,54
7597,53
9725,52
5939,51
8007,52
9575,47
4267,59
2445,47
1371,63
5343,46
5431,58
65,53
865,51
35,36
4361,49
5039,49
5543,45
1349,52
9381,53
9639,53
7337,48
1341,56
2171,44
7371,51
6533,44
5941,55
1197,54
339,48
5523,44
5747,44
3407,48
6539,46
5397,43
4665,51
1705,53
8213,47
253,52
1173,54
1897,48
5281,55
4609,40
2813,54
7249,54
7239,54
2477,60
1497,53
1747,42
7825,42
4603,54
3745,52
7743,49
7885,56
2663,50
2947,52
6317,52
5633,49
1577,58
7953,52
5355,46
9689,48
9965,45
3115,54
1019,57
9727,55
1617,58
5963,49
2379,46
8619,54
8341,62
1819,46
3813,49
9765,48
5369,54
87,42
287,48
5493,54
5423,45
2243,50
455,59
1215,52
9907,54
2139,52
3883,50
9935,49
4147,50
691,55
2779,53
7077,47
2153,45
3335,53
607,51
2105,42
7585,41
2765,50
8939,45
2553,54
901,59
8373,46
7457,47
7525,41
8227,54
7293,45
5231,60
7643,44
4533,50
7493,42
5615,42
9683,59
8317,52
1331,59
5261,45
5953,56
5997,56
6267,48
6697,51
7565,45
2007,59
7821,49
2277,59
8583,44
4263,51
6515,47
61,45
7445,53
6313,50
9667,54
747,56
6903,52
3947,47
8775,64
97,48
6753,52
9797,53
3689,49
4581,46
9299,46
3627,54
9391,55
803,49
8549,52
2903,44
3003,56
3483,47
6491,54
7671,46
7903,52
5663,55
9891,50
5749,45
7761,46
9405,56
8157,45
2771,54
3671,53
6771,48
4119,47
979,53
7667,34
3691,49
5451,45
8223,64
8833,52
5513,49
6343,52
7759,46
1921,51
2313,60
9043,59
7605,35
5439,44
7767,44
4797,46
1645,43
5237,45
7935,56
2389,55
8709,52
1355,48
3433,49
6471,45
3465,40
3389,60
4679,51
5865,46
303,37
4359,47
1329,57
1073,52
201,58
703,48
4297,57
4283,58
2715,56
3023,48
7947,54
6085,55
7615,47
3409,50
2371,39
2231,42
3935,53
4601,46
6155,43
7749,56
2931,45
4169,46
1601,51
2471,55
8551,53
781,50
7061,54
8511,51
6951,43
8665,55
719,52
2973,58
5787,59
8679,50
9287,53
2659,43
6273,39
5619,42
7873,43
255,50
2853,57
3839,44
8671,51
1261,42
7775,43
9675,54
5577,44
5141,48
5531,51
515,56
7923,54
7609,47
731,48
6875,46
7989,48
9233,45
4849,53
2337,51
5583,48
2617,43
7729,45
8419,43
8789,55
6651,49
6395,54
2061,47
3111,49
2685,53
4691,46
7347,50
5671,56
5337,43
1241,49
81,56
8065,44
5867,54
9167,43
4877,41
7933,53
2805,44
4447,59
2597,51
3771,56
5373,49
7753,42
8193,45
8239,53
427,61
5981,53
8547,46
8737,48
7817,53
9307,52
8545,52
2911,56
8899,49
1615,49
1059,50
1829,56
7733,55
3289,43
3741,50
8275,60
1195,47
5699,51
8069,52
5573,50
9517,49
2421,48
1901,42
1317,49
2403,51
7345,44
4377,54
9837,55
4243,57
5797,54
187,44
7197,50
1433,54
1903,43
9929,43
8869,54
9581,52
4353,49
3953,51
6787,55
5151,45
2155,48
7255,51
8351,45
8015,54
7277,44
4627,53
73,48
9861,49
665,45
8611,53
5927,53
7547,52
237,54
2735,51
6835,50
7687,49
143,43
595,49
579,49
5131,55
8057,49
7361,54
2563,58
8407,48
389,56
8323,49
9231,54
6157,43
3603,49
7441,54
4493,48
5289,48
5823,47
2991,56
8735,63
2953,53
7479,49
7089,48
7137,44
9843,33
5091,44
2545,49
5557,56
5945,46
437,47
2565,46
2905,53
2753,54
2173,46
8043,50
7929,48
4055,50
7145,54
3777,49
3587,51
89,50
2729,46
4607,46
4891,48
7387,49
241,53
597,50
8483,56
8875,49
3101,53
481,52
1951,46
2491,47
4543,42
9763,52
7215,46
7169,54
8055,49
8503,38
277,56
1447,50
6567,53
4393,47
737,52
333,57
1775,42
7689,47
6257,56
845,49
1931,44
2221,51
2755,56
8935,47
6359,48
4617,52
8525,46
561,54
3157,52
2093,47
1559,53
5257,40
7437,44
1707,52
2999,46
2723,49
5515,42
3399,49
2275,52
9703,42
9103,46
5977,57
867,48
2725,57
3175,51
7657,55
2935,52
2741,45
8411,58
5057,43
3219,49
7739,51
1111,49
1939,59
7075,52
3759,52
7007,44
7797,56
8389,45
7175,47
7829,52
7881,48
4917,51
1343,47
4439,49
385,52
1913,56
4497,57
4771,48
2345,52
8025,50
3363,48
2645,42
9171,46
3403,44
8697,40
4699,52
6703,43
1493,51
6659,49
8829,49
6433,51
7795,49
9485,46
1385,53
301,53
4379,52
2099,52
7091,46
7561,54
1657,41
4279,55
4827,53
9737,45
3601,49
995,50
1115,51
7221,38
4997,42
4323,44
3769,52
4785,40
7773,45
3065,47
7471,53
6247,55
3815,53
4875,42
9939,48
5627,51
2357,43
2273,53
7621,51
749,52
6559,43
6915,58
5477,48
9439,47
5127,59
5745,50
5395,43
1421,52
7125,44
7317,55
9441,53
1211,55
8617,55
3781,52
9421,46
5287,53
1741,55
4695,43
9775,43
7095,54
2013,53
7309,40
37,52
9629,50
185,50
8695,55
3271,55
6203,48
4981,44
8941,49
4549,53
4811,52
203,53
9875,51
5323,43
5121,43
2921,58
6043,57
6961,46
2823,60
4151,62
9051,47
2063,54
2419,47
7389,44
8745,49
7895,54
7517,47
3723,48
1839,49
2969,62
3565,57
5303,54
7427,40
3711,51
3729,55
113,44
1779,51
7699,46
2225,61
3905,51
9583,46
4325,52
4329,46
5327,58
5093,53
7359,46
4583,56
5485,47
9277,43
8215,51
4527,54
6795,47
5495,47
7153,50
7569,46
9467,40
6507,43
8191,44
6123,45
7415,47
1519,52
8995,46
4515,50
3915,47
4331,45
4453,56
5377,49
3247,49
5783,59
551,42
6073,55
6055,52
191,54
793,52
4795,54
2965,54
57,53
5411,53
6365,57
4895,41
6949,49
7543,55
1295,54
8183,49
2469,47
9779,48
4321,50
3313,51
8779,46
5415,57
6299,46
9203,54
1193,44
7237,41
9417,58
2341,51
2625,43
5887,51
7131,48
2799,51
3987,59
115,52
4861,52
7225,53
1599,47
4873,55
5219,51
717,55
1161,45
8355,48
1941,51
6643,54
3489,52
4227,52
6765,43
7265,49
8053,43
823,54
8765,50
4503,54
5051,48
2849,38
8591,49
889,59
7567,49
2125,52
317,56
813,50
9367,50
4923,55
221,51
6449,59
6133,48
8435,47
8437,50
6493,59
2535,47
9455,51
6467,49
4277,49
1401,43
7335,53
4717,44
917,52
9283,51
9671,48
1621,48
2355,53
5045,56
9259,40
8655,44
4707,45
1067,47
593,57
4073,56
2077,56
2075,46
3959,51
8471,60
4631,50
6485,52
3075,46
4265,53
2157,60
105,51
1451,49
9415,50
157,38
9949,54
6403,51
9101,50
3607,43
625,42
5367,54
6443,54
5771,49
1403,51
4833,51
7939,51
2589,49
6575,44
9753,48
8961,48
4693,53
1083,49
4157,46
5297,48
9059,48
9955,49
7721,53
9693,58
9015,46
1963,55
3059,55
9111,47
5803,41
9323,54
9759,54
9045,52
1895,53
9205,54
9841,53
4003,45
7649,43
837,45
1667,49
9353,57
1589,47
4375,50
395,46
2431,48
4461,49
3307,56
1675,52
617,44
9393,51
1213,50
6901,36
9147,51
9539,47
6513,48
6339,53
3117,55
1313,52
8085,47
1309,53
5821,50
789,51
3545,56
7535,53
6169,51
8877,50
9953,48
8103,44
9419,46
3485,49
1719,44
323,50
7069,54
6029,45
9773,54
8397,56
1647,55
5191,53
1633,54
9853,51
6853,48
205,40
1275,55
8013,42
1929,49
7033,42
8895,52
4335,54
1391,45
8367,48
7731,48
7045,45
1001,53
2821,54
47,51
7777,54
6327,47
7883,52
989,42
4837,46
6885,55
5305,46
207,48
3941,47
9395,57
521,55
8267,54
8379,59
991,53
5777,47
9383,51
377,60
7869,56
9429,48
4719,48
5847,51
9477,48
2353,47
2967,40
155,51
3525,46
6031,52
6761,52
7559,49
6535,47
8357,51
1687,39
4823,44
5695,43
8339,53
4159,44
3155,45
8565,48
3197,58
4733,56
6573,44
8315,50
7785,54
8077,43
5133,54
8405,40
4401,50
3339,43
7707,51
4233,48
7081,52
8121,48
931,49
5081,55
7533,43
7591,50
7665,44
6229,48
1419,50
3949,55
6593,48
6827,43
4667,47
4411,45
8727,57
5893,48
9647,51
6737,57
1717,52
801,41
3139,48
131,52
5229,52
8953,56
6605,65
7613,53
8031,50
4089,51
7397,58
7409,46
293,52
93,43
3789,46
5243,51
3611,50
8089,47
5869,51
5653,50
7845,52
8505,53
6693,53
8799,48
9357,49
3487,55
7425,36
7321,47
8929,49
6207,47
4481,54
4043,57
4763,52
3161,47
2387,53
7603,40
7771,52
1075,49
7165,54
7213,58
1297,54
2721,43
79,49
3513,41
6151,48
5047,50
8725,47
603,51
4577,53
541,48
1749,43
7833,48
3835,51
741,49
8291,44
5123,44
9027,42
5601,50
2615,52
7553,55
5385,40
1017,50
3109,43
9413,53
5889,46
7035,54
7315,51
9305,58
9495,43
6851,53
6457,51
5877,54
423,51
4735,48
4727,45
9549,42
1289,55
831,54
1225,54
2135,51
9921,52
5273,50
8325,43
6815,52
8049,59
2133,56
8905,41
8531,45
4037,44
3901,46
987,56
6591,48
3457,50
2293,52
5329,51
8443,44
9553,58
8603,48
7,54
9005,41
2187,54
4829,48
675,48
4555,58
1319,54
1405,54
5725,47
695,54
6531,50
5721,45
5055,56
6881,48
2961,40
8571,51
2669,49
1407,52
8217,51
1373,52
6149,50
2683,41
4661,49
8353,59
2415,51
7735,51
1155,53
1565,52
6847,41
3293,51
2279,41
9091,44
791,53
3497,54
1555,55
2247,39
8969,55
7967,46
9651,63
3703,53
269,45
6337,45
7083,48
9309,51
9435,53
9301,54
4915,41
7439,46
7691,46
1157,49
5079,51
8901,51
9927,44
6541,55
1175,48
8539,53
9819,45
7951,52
393,48
8473,52
5161,57
8861,48
9211,59
8365,58
1109,45
7521,47
4625,58
8499,51
7801,48
1243,50
7573,54
7751,43
5781,52
6321,52
6837,49
935,49
5553,52
2515,49
4061,45
7715,49
197,50
7043,46
7787,46
2985,45
4253,52
4725,54
8037,46
7273,51
9451,49
4791,50
7975,46
8479,36
4525,42
4025,48
6387,57
1413,49
1987,51
6751,46
727,53
4585,47
8731,48
4153,51
7039,51
3997,50
9987,56
9631,52
4449,56
7307,42
5065,45
5339,57
173,57
821,47
1181,53
3051,50
8857,45
7537,44
3971,50
9777,49
2891,40
4541,49
5987,47
1135,45
4909,45
6409,58
159,47
3133,53
5959,56
5017,53
2367,62
5487,54
8517,56
857,48
3529,51
2451,49
6451,52
7311,53
6349,47
2571,52
9739,53
4807,44
2513,50
3519,57
2023,64
6241,49
3783,50
3811,46
7421,42
2661,54
9359,57
2103,49
5435,52
8423,59
559,41
1799,53
7841,47
9723,58
3073,43
5443,48
2801,50
3083,54
5743,40
3879,46
573,58
487,49
4005,48
517,56
129,48
1271,55
4697,50
5283,47
9427,48
5967,47
9707,47
7843,49
5331,44
3207,54
4285,53
5325,51
5755,47
4705,53
2739,59
3983,57
6975,48
4973,51
399,58
6063,50
2121,39
8559,50
8839,54
2183,46
8463,49
1603,56
8607,50
9781,56
7501,46
1231,48
6061,55
5805,66
6279,45
4085,43
9731,48
5851,45
2671,50
977,48
9977,51
8475,49
5015,54
5379,48
7485,56
217,61
4597,42
8497,52
139,58
8371,50
9327,48
6231,50
9121,55
3095,53
4327,39
6869,52
533,50
1003,49
8289,50
4161,56
2697,52
4205,64
4403,54
6907,50
3743,56
6425,45
4125,46
9155,49
1759,47
165,50
6667,43
2717,47
3793,53
3823,53
4231,50
8151,48
4821,51
6455,48
7927,54
8623,62
3857,43
2123,41
8269,52
9989,54
5631,53
3493,46
1227,52
1573,47
4049,55
7629,58
1011,51
5655,50
8767,47
7019,56
3039,59
7349,50
8399,51
9331,51
1163,54
2111,51
5359,49
7481,53
975,58
5253,50
8485,53
5611,51
3445,62
4759,54
8161,54
5421,59
7917,54
3535,56
441,42
6663,39
8093,47
401,41
6983,46
2043,62
3321,43
2185,59
9161,51
8681,54
9595,51
1443,40
7183,46
3571,48
7227,44
2701,51
2923,52
1691,47
2673,46
1791,61
2539,52
2481,47
2885,50
6483,44
8825,51
1511,50
1569,46
8023,57
5857,49
9349,56
8751,54
461,43
879,57
9363,47
2537,49
4647,50
7539,49
8185,54
8135,55
7783,54
9931,47
151,49
9895,50
1821,43
5153,53
6057,47
5213,47
5021,53
6617,56
9123,45
6939,50
2055,48
8883,50
1375,47
4341,47
639,49
6689,47
6759,39
9791,57
2047,50
5919,54
8943,44
8675,49
9839,44
743,49
6621,52
1785,45
4367,56
6823,52
969,48
1389,46
1915,48
6045,49
199,50
145,44
1549,55
583,51
9905,48
6177,51
7709,49
4521,41
7887,45
8381,49
2343,54
709,50
6145,49
4569,57
25,54
2789,48
9491,49
3847,50
5233,52
6811,47
6947,48
7837,53
5837,56
8107,49
833,51
6713,56
7139,53
7223,47
7245,51
2839,52
7673,53
8689,45
7503,54
3077,64
993,59
1643,44
3631,54
2167,45
431,44
6807,51
1713,48
9887,48
8417,49
8763,48
1487,54
475,62
4167,58
9153,47
1259,50
7823,43
2533,51
4777,51
6691,49
4079,49
9279,56
2259,42
8893,45
5763,54
5211,50
8977,56
6879,50
549,51
939,63
4765,49
9241,51
3573,55
8019,53
445,56
9619,47
9681,54
1953,47
7877,52
5665,56
2417,47
2557,41
2475,46
4365,49
8635,51
5241,46
4855,50
6773,53
9541,48
9645,44
4219,52
8771,51
8523,40
5757,55
1815,45
753,50
2207,60
2329,39
4257,39
7871,52
9113,58
7173,59
4575,48
6011,44
1521,55
9979,54
6581,52
2971,53
1803,54
9825,48
2941,48
3779,46
1191,52
6399,48
4885,41
493,50
1637,52
1753,50
1827,52
4573,45
5427,55
3531,55
5897,49
5603,48
7155,47
7563,52
1147,39
2199,52
893,46
2901,50
5899,51
5197,55
8363,49
8849,54
8501,49
3315,51
1527,51
4145,54
4407,45
6181,57
9637,59
3215,47
5581,46
1501,50
8533,46
5605,47
9911,49
1957,52
2027,51
1871,56
2691,46
6793,51
9835,41
659,56
5277,52
861,55
8071,49
5453,53
447,50
3319,58
6991,47
2427,55
5175,51
6711,50
6269,42
1989,53
3353,51
6319,48
3893,55
2119,58
5697,44
9519,51
367,47
331,56
6717,51
6649,43
7865,51
6953,44
4595,51
5269,44
7369,46
1575,57
283,58
429,48
4255,50
3985,48
9039,47
7123,43
6015,46
2693,51
8287,57
2035,44
1583,53
1467,53
3725,50
9743,54
1199,48
5509,43
2195,45
5353,42
851,61
6943,45
1425,46
3659,53
9463,50
8017,55
6509,50
9997,52
9335,53
3981,54
9403,54
787,54
9699,54
547,52
4031,59
701,44
363,58
6265,44
8249,45
645,51
4033,48
4809,45
3259,43
4831,56
9527,39
5951,49
419,48
345,52
711,52
3341,52
6215,61
5139,44
6439,36
2143,53
9345,51
8909,49
1219,49
6251,51
6537,63
5225,48
1833,45
4557,51
6789,50
771,52
4495,46
8487,49
6185,48
8641,62
9611,49
3705,46
8445,49
1997,47
849,55
3043,47
1055,43
2627,42
5703,53
3145,50
8777,46
2781,52
6103,51
4857,45
6993,54
7779,54
7811,50
8459,48
3555,47
8831,54
2767,51
351,41
589,56
1353,58
3429,51
469,48
2827,50
6193,51
3911,52
4081,55
3543,44
4789,50
8717,48
4241,56
2025,55
2763,50
7151,59
8495,47
7769,60
4589,49
8791,55
8451,59
1037,52
9267,46
3441,36
3767,50
9757,49
3923,47
3889,41
4235,53
6305,60
6475,43
907,48
1379,50
193,48
4091,60
2383,54
5709,42
4293,44
2733,56
513,51
5767,45
6271,49
707,42
7655,47
4223,50
8993,49
4523,50
2871,56
2433,47
3305,56
2881,50
3019,50
6757,47
7993,49
449,50
4245,52
8431,47
2411,52
5063,55
4415,40
2109,55
3263,45
9679,43
6669,55
8747,47
4389,44
2703,45
3991,47
5685,48
7073,47
8403,57
9365,53
7863,54
5765,53
5187,69
6481,44
2041,47
1203,61
4921,62
6925,46
9461,46
643,48
5113,57
1729,51
9033,46
9239,58
2731,45
53,57
9227,36
3501,46
9659,46
3521,43
1789,43
6375,40
5853,58
8973,50
7097,60
3401,45
5861,54
9159,52
6963,58
8045,43
3819,51
6223,43
6107,43
69,49
1081,51
8585,45
4851,55
5235,51
2265,44
91,49
4881,51
4961,46
4109,51
4139,38
6735,47
5621,50
119,50
2707,48
3463,50
6263,46
511,48
3989,52
8859,54
8605,43
5209,52
5623,47
1867,48
477,59
7855,45
8205,44
1121,50
883,44
8729,50
653,48
925,46
5491,50
1291,57
6517,45
2057,54
3173,56
4141,48
6813,49
2777,47
4117,46
4385,50
6165,53
2609,55
6809,50
523,43
7965,55
5461,57
3079,47
5567,40
999,53
9269,51
1607,44
2519,44
4953,50
9183,51
4127,56
6715,42
839,58
3599,50
5069,54
1063,49
1091,54
7711,45
9609,57
3801,49
1619,56
3925,52
5779,47
9117,52
4057,46
6855,48
4911,53
1863,48
2945,52
6391,57
295,51
1877,45
4423,50
335,48
9449,48
6253,46
8649,56
3135,54
7405,52
2115,49
6175,54
9879,52
8383,48
2181,54
7381,47
7803,42
4029,60
6331,54
3275,56
8173,55
297,52
4931,58
723,59
3859,65
6351,51
529,51
7203,52
7515,45
7875,56
1239,50
5335,47
235,48
909,52
1471,60
2303,59
4171,58
4111,57
3479,44
5845,51
5841,53
9971,53
247,49
2979,51
4501,49
4813,57
3673,50
9983,40
9903,44
5413,45
9399,50
7973,45
9817,49
1441,53
6579,48
6447,54
3359,52
3967,50
1669,47
1061,51
8489,55
9195,43
2377,45
3715,49
3291,48
4587,51
5673,46
697,49
945,54
7685,45
6465,50
7793,52
2131,49
3727,58
9425,56
2385,49
1893,55
6187,56
8235,46
2793,45
9621,43
3597,48
8293,53
7385,53
8097,47
565,51
2037,46
3149,42
3037,55
5035,51
3369,50
6999,51
2083,51
5995,56
3269,48
4045,47
3945,46
4059,49
5291,55
4339,53
4491,50
2593,47
4479,46
137,45
5149,51
8937,49
6367,51
6919,49
231,44
3119,48
3439,55
3551,41
7235,51
6917,51
2269,51
9221,47
2825,55
9769,51
5793,51
149,53
3125,48
4123,50
3473,54
6325,54
8313,60
7103,49
5115,49
1087,52
4039,47
6767,47
9437,49
1679,42
5729,59
2559,52
3735,50
3697,44
109,48
3425,54
5319,48
6883,56
15,53
2391,55
9863,52
8039,56
2255,52
903,53
4191,49
1983,53
4441,52
6067,52
4713,55
3081,49
5541,43
7455,49
4507,48
8871,46
6849,47
1489,54
8879,51
9885,46
9077,54
6683,50
9969,54
9923,50
223,49
3471,50
7267,50
7027,44
9655,58
9023,48
6779,52
2347,47
5667,49
1649,57
8845,45
6597,56
153,57
807,40
6845,50
3917,61
289,50
9767,50
9515,44
7941,50
5155,53
1787,47
2927,52
8095,53
3961,43
9901,56
3093,46
3239,57
1299,52
4433,58
5419,57
6293,54
2919,53
8981,39
7529,45
2065,44
5105,47
8663,43
2977,52
4027,44
3507,37
7549,54
6059,47
7477,53
8073,50
7401,43
2861,53
9509,57
8535,55
3739,53
4545,52
6959,45
2887,52
2359,49
971,47
6473,59
261,53
7303,51
7587,62
6089,53
1485,59
2455,47
5165,46
5971,53
1491,49
4311,58
6841,49
9489,43
7379,53
8033,58
8669,47
1965,56
8327,57
7141,47
4383,51
1613,46
2283,41
4793,46
6529,46
8347,41
3829,43
1251,45
3667,57
425,55
4485,54
6619,42
7955,53
1991,41
4847,58
8563,44
3773,41
9605,55
7269,51
1039,54
2525,49
1571,51
325,47
8865,47
2743,47
4505,42
4529,50
9523,53
5011,40
5473,43
4051,45
7861,44
9627,47
1021,50
1455,53
6705,49
3397,51
179,53
7403,44
2483,41
5205,53
3681,52
983,47
9649,55
2233,61
949,48
1955,42
4155,52
3459,50
1917,46
7987,45
8145,56
3235,51
1041,40
5855,58
8785,56
8627,55
8659,47
9715,51
1703,45
7831,51
4709,43
1423,51
1887,48
687,57
7431,47
9733,55
5773,58
8421,49
6463,52
9199,42
485,48
7835,46
4203,42
6931,50
9373,43
2831,47
9219,54
2933,44
8805,45
7373,47
9443,56
1105,42
4867,50
233,40
1249,48
1985,43
6153,53
537,47
6411,61
9985,45
3355,47
5407,48
3333,45
6623,44
6685,52
8141,44
5031,52
8639,48
9151,54
3787,44
6733,51
4893,50
5817,44
3605,47
8643,51
5279,41
147,52
315,54
1831,52
4337,50
5067,45
8265,53
4775,42
9013,52
1907,47
7023,48
1445,49
6695,52
11,33
1661,45
5891,58
8809,51
9755,49
3791,45
4069,49
7287,55
9567,54
6955,50
9187,55
4065,51
7299,57
4281,36
443,51
5969,51
8723,53
5145,54
4605,45
3383,47
7025,53
4871,47
1255,49
2305,50
4287,45
9217,43
3661,53
21,51
321,47
577,43
715,56
5641,53
7015,44
8527,48
2323,56
3467,43
2397,50
6065,59
6311,49
2081,50
5973,38
6989,46
9589,37
3869,47
489,50
5965,52
5135,55
7489,47
2517,47
3391,54
6803,46
6303,53
6287,53
4711,53
1165,42
9893,52
1677,46
2747,47
855,46
1851,52
929,52
2929,55
4007,51
3195,49
1099,48
4937,53
7809,46
8177,54
8985,44
2709,45
1505,43
2987,49
5481,43
1635,45
2587,47
3537,42
375,48
3177,47
3495,53
6501,47
4773,44
835,50
8115,50
6709,47
275,49
8359,53
4211,49
9551,52
2897,44
2263,50
8453,61
5307,47
6211,51
919,61
1825,47
9007,52
2413,46
3253,54
4897,46
6565,49
2865,50
6587,50
3623,50
5871,56
3461,44
6221,53
9601,54
467,48
4333,45
3805,50
397,44
3709,51
5293,49
1107,55
1949,49
631,51
3969,51
3451,45
863,51
4197,56
4371,51
9663,42
4201,47
5595,51
7013,50
9095,55
5795,56
6859,48
501,58
3071,42
6797,45
9107,47
4537,55
6973,51
6357,43
6585,38
1531,50
3825,49
2193,47
5053,47
267,57
8331,41
8979,44
327,47
6747,53
5007,55
6941,43
3379,48
3201,52
7905,51
9593,55
7017,42
5525,46
1337,50
2529,50
415,45
8595,52
6521,63
9257,42
5365,55
1673,43
9897,48
7021,47
3417,49
1891,54
1849,57
103,53
4985,44
5911,50
9665,46
9281,43
6341,55
6417,53
7899,60
905,51
2069,45
6497,57
343,54
8225,53
5207,50
2713,53
7101,49
2495,48
7251,50
1853,58
2213,50
3025,49
3285,47
5789,42
7475,51
3287,56
7839,49
1537,53
5751,49
7827,46
1287,54
5711,51
4879,54
5299,49
5347,50
9341,42
1321,49
8815,49
1347,53
2975,43
5167,46
2031,52
1697,46
923,49
2363,49
5049,44
2461,47
51,51
5107,55
3199,40
567,52
2463,50
4629,53
421,61
5669,45
1733,49
5815,49
6745,52
1009,55
7419,52
689,47
6799,47
1077,52
555,46
5985,51
2409,51
7003,52
2737,54
9579,45
6179,52
7049,56
965,43
7805,51
4053,46
5441,45
829,46
3281,52
5991,48
8369,56
3755,52
8519,42
3373,45
9389,46
3993,36
5579,50
7193,57
3733,44
4213,56
8579,53
249,51
6843,37
9273,50
9329,53
5947,46
8897,51
8925,55
7641,47
7275,50
1561,50
733,53
2579,51
7333,48
6687,48
39,56
3331,55
7913,51
9521,55
769,51
2327,48
2033,40
1905,49
4803,40
7961,54
3113,57
7509,51
7263,44
4295,50
8491,42
9813,55
6913,53
7163,48
8273,58
957,47
1723,51
3437,46
8131,58
5089,49
2791,49
211,52
3055,44
3475,57
4469,50
9547,46
7161,53
8281,52
1609,53
2851,42
5801,53
509,44
721,50
2665,45
8963,48
9291,57
1015,46
3009,47
6027,54
985,40
4239,60
5807,56
7745,51
677,49
3559,50
2315,51
3979,57
8781,50
8109,49
8975,47
6441,53
9899,41
3477,61
2937,56
4345,53
809,47
5311,46
2631,54
3273,53
9047,57
5185,50
9685,55
5937,45
1533,60
4397,48
6871,36
5717,54
7127,58
1145,57
5617,48
6053,49
8513,52
2485,49
1033,49
591,55
5125,51
9809,47
8819,49
5999,48
1943,52
2503,49
3167,52
2899,52
9653,41
8279,53
3097,49
3147,49
9833,49
6315,44
9951,52
6671,48
4531,55
5715,49
4391,55
8137,53
3381,48
8951,45
1909,51
2811,53
4437,56
6557,51
8395,51
4863,52
3977,49
2319,46
779,52
1345,40
4887,44
585,53
3103,51
5405,42
9677,42
6421,60
9369,51
4957,58
8803,57
479,56
1837,55
5259,48
8029,51
9729,52
5255,45
5761,57
5955,59
6147,50
8693,52
5505,51
3635,51
2761,43
457,53
615,45
3929,52
6899,56
4471,61
6895,57
5535,50
1857,51
2577,48
2229,48
3731,46
9067,56
5409,38
4995,51
5263,58
5613,53
7595,50
2705,49
9691,45
353,51
6081,54
8063,57
3225,48
2129,42
5843,58
2873,49
7737,44
6209,46
8637,50
8305,49
941,40
5157,58
9129,60
2215,50
2655,48
9355,55
1999,49
7351,54
1281,44
3279,58
3817,53
4131,51
6699,44
2217,52
1461,51
7755,54
4313,41
673,55
8329,51
5529,49
6629,51
9617,45
4185,47
6499,50
8201,44
8651,46
8259,52
169,45
9343,46
1587,52
9749,48
545,49
9975,49
9787,54
1189,59
7339,51
6225,48
8541,52
825,48
4009,51
6201,54
3143,54
1499,48
6723,57
1479,49
871,47
6013,45
7331,50
7527,51
5,54
13,48
3649,46
9705,49
4015,52
4017,52
5913,50
7857,60
3913,53
2349,51
5375,44
75,53
5361,53
7747,54
6633,49
7969,46
3179,43
7781,54
1465,51
2373,52
7867,52
9247,40
9293,42
9319,48
6971,50
4303,44
1335,48
2501,51
5555,60
8811,51
9535,50
4133,54
3027,49
5679,52
6355,49
5683,54
9371,44
4681,56
2621,43
1513,59
1595,46
4467,37
9179,50
6137,54
3193,51
7807,54
9251,51
9401,44
9587,50
2165,53
3633,57
777,50
1143,48
2317,40
4715,47
4991,44
1137,48
1757,51
3393,41
6569,50
1711,49
365,48
6431,53
1859,46
8021,49
6607,52
7669,46
3395,51
5417,56
5463,46
2227,53
7619,58
6641,51
7915,50
9873,54
8801,49
9555,47
795,45
2677,45
307,43
2643,50
6627,48
2957,59
7631,41
1523,53
7467,47
9709,39
6609,51
9993,57
9847,44
9311,52
9565,48
1995,50
4843,52
4869,53
623,43
6523,51
5457,50
1807,57
6857,52
535,41
1739,57
7519,46
605,52
2049,44
6673,46
2261,40
5625,47
7985,49
4959,55
3795,54
9173,48
6453,46
8111,45
6129,53
1097,50
8167,56
8561,57
1885,53
6503,47
7815,54
2219,49
4565,45
6113,50
6937,53
1409,61
6519,56
5637,58
3937,50
4405,50
5931,38
621,50
3721,55
4787,50
3583,45
5275,48
9315,49
3701,57
2607,52
5979,41
5163,50
1069,46
3581,51
6725,53
6997,43
9143,49
7957,45
5933,52
8703,56
1553,45
2843,53
6657,50
9109,48
381,57
3421,48
1217,54
3591,53
9057,54
1311,54
2339,44
3231,50
649,47
5387,47
6563,50
2089,48
6469,50
6655,41
505,55
581,49
4209,52
1427,46
5169,56
3001,62
7231,58
7901,49
915,51
1159,55
553,45
2675,48
4083,50
2333,53
4291,56
6549,56
7143,45
8237,58
8613,55
6047,50
243,54
3367,42
329,48
7497,52
5465,57
8555,53
8247,51
9175,48
9021,44
9379,61
2015,53
5383,55
9235,44
3343,59
7659,44
8299,46
2915,49
4347,51
1453,52
3245,48
8207,50
2599,47
8827,54
8181,38
7579,45
3861,44
819,55
4723,51
7037,49
8375,54
3443,49
439,57
8593,53
9789,44
3827,48
1237,52
5483,49
9883,49
8163,67
5177,51
9919,56
9083,54
265,52
7247,45
4041,60
8149,49
5661,47
6653,44
1515,49
3669,52
6109,48
8263,49
111,48
8813,47
527,49
6729,51
2623,49
8615,53
8903,58
9933,44
4121,47
5811,54
1855,47
3267,49
7411,55
6681,53
8667,43
5597,63
6679,51
4579,51
7355,58
2583,48
99,51
5109,47
2699,50
6805,50
8253,47
2807,47
7617,48
8129,53
7557,46
5741,53
1797,55
3301,49
4919,48
8553,52
7679,59
9967,46
2993,41
3387,43
4413,56
5675,48
8965,46
4935,48
7449,55
2847,49
705,49
797,49
4395,51
6001,44
9585,50
135,47
1927,56
2401,56
1745,52
5549,53
4655,49
6511,48
785,52
3613,53
4011,52
239,44
8921,44
3643,54
6873,55
189,47
7357,59
4093,53
7705,48
9721,41
9973,53
7119,48
4409,58
4561,41
8699,55
8817,47
875,54
2569,46
7949,43
9377,48
6625,43
2307,45
531,48
1071,50
8449,51
3865,53
1683,45
3089,50
563,47
2803,56
7505,43
7541,46
8105,52
2995,47
5883,54
7219,58
5589,38
43,54
2567,55
3561,49
4113,45
4753,48
5221,60
6161,57
2457,47
2039,49
7205,56
4841,50
3091,56
9209,55
1131,58
3895,44
5201,55
2045,51
2711,43
5769,49
5829,55
9017,50
6791,44
6389,48
9719,52
3453,59
5433,50
5391,52
5723,53
1043,48
9915,52
2745,53
5005,49
7121,49
6173,60
9141,44
4979,51
5189,54
9245,43
357,45
7851,51
433,38
2287,54
5503,57
1835,46
19,49
6379,54
7391,55
1277,46
7353,40
7055,46
2647,45
2189,47
1305,55
9119,56
8855,43
1525,44
9625,57
3085,52
473,43
2381,49
5521,47
1339,48
3843,41
4001,51
2549,40
6635,42
5101,44
8099,42
3047,43
6219,48
2437,53
2695,55
8155,47
8441,50
63,54
309,54
7499,52
859,49
2913,51
7607,57
6361,45
2443,43
5447,51
4941,54
1881,54
3005,46
5345,46
2595,43
5137,50
8387,49
8059,44
1631,44
5545,47
6021,52
7261,48
8807,44
9793,52
7211,48
5511,50
5607,45
4967,48
5317,54
8349,49
2601,39
7611,50
9271,42
5649,40
1439,46
525,47
3939,47
5475,53
6863,45
5575,49
8933,57
2955,49
6295,51
413,47
2029,46
9827,49
3213,50
6347,52
7897,53
1357,51
5833,53
9093,52
3849,54
8927,55
1847,41
2399,58
2639,47
5645,69
5267,46
5739,45
4907,44
9865,46
1869,49
4143,53
3615,52
7473,54
761,43
5901,53
6427,55
9087,44
1765,53
1763,52
5381,48
5085,57
463,59
5097,57
6019,57
8575,54
2267,52
7279,52
5651,53
7635,58
8415,56
49,55
2223,50
1085,57
2249,53
693,47
6445,62
7289,42
8271,53
4199,46
4417,46
4181,50
5193,50
8125,46
7199,48
8413,47
9669,40
9761,50
2547,46
7363,48
7765,53
8705,55
9433,52
5013,57
8067,51
6069,55
9131,57
1469,41
141,48
3469,49
8823,44
1273,58
2775,48
7201,42
1113,60
2177,54
4943,49
745,47
7859,50
8991,50
1247,46
955,49
7233,49
4473,47
7555,51
8797,52
4189,54
1179,51
7551,50
9803,53
4035,47
2833,48
3851,50
8971,54
6025,60
125,51
1665,54
4307,55
1429,44
4963,49
6023,53
611,52
5547,56
5639,43
2951,42
9263,45
8187,48
2211,52
2997,55
7181,47
8477,49
6721,53
887,53
3069,52
1169,49
725,55
1725,56
6289,45
2817,55
8309,52
9031,52
4883,57
657,47
713,53
6285,50
7577,51
8759,50
1283,58
8197,49
9321,43
2719,70
6115,55
9065,48
8133,52
9069,48
9805,44
7129,51
9963,42
947,45
1845,58
2603,48
7511,48
503,53
4195,55
1119,51
8983,58
6141,54
3041,53
1361,58
2815,45
3159,51
6489,48
3349,46
2769,46
5239,45
8457,51
67,43
811,51
4261,44
85,49
405,47
2369,45
3295,57
5561,50
9001,44
2783,39
4835,56
1993,55
225,40
4087,43
619,49
4373,46
7625,48
2087,45
7593,49
5489,52
6377,50
3153,53
465,56
3763,50
9925,50
9635,49
55,56
5059,46
8917,58
3237,58
6611,54
9055,44
107,50
5983,54
6731,58
8301,55
2285,47
4021,47
8461,51
6647,55
7105,52
8999,43
3757,48
3227,50
5315,51
6091,62
4955,60
2983,65
6195,51
6665,47
5799,56
873,49
8283,50
183,48
8687,50
4651,46
1593,48
9207,42
9459,47
2841,56
9999,49
8311,48
7909,44
3699,51
2395,51
6353,47
3431,50
1557,52
1093,50
2543,46
3299,54
7171,56
1103,58
4317,47
4487,53
3503,55
2003,56
6553,44
7413,53
4149,50
739,46
4653,57
7159,45
8601,53
6821,56
6171,53
9815,49
9097,55
8597,62
9801,55
6217,48
3203,52
8051,54
3141,60
5203,48
7147,50
8621,42
