4904,53
1084,58
7942,52
384,50
7736,48
9200,52
7532,43
7608,54
6400,49
3702,50
9876,45
9166,52
6754,52
6308,50
9804,48
5618,44
5354,52
7020,46
1894,52
4926,44
8906,50
5384,44
7136,49
140,50
7688,47
204,48
956,49
8370,52
9726,46
7988,54
5928,45
4992,56
3706,50
2334,50
6028,38
4260,54
5638,49
7918,42
8218,46
2506,47
9384,49
4224,47
450,53
160,51
6778,54
7456,46
1596,50
1780,39
5136,51
2346,53
3932,57
7548,49
4582,49
2904,53
6840,50
4628,45
8390,60
1500,45
9336,50
4724,46
548,53
8516,56
1732,54
2602,47
8234,51
8520,58
528,55
1550,54
6006,48
6648,53
2938,47
1716,42
9154,52
2912,52
1310,47
1202,49
2192,53
2718,55
7034,49
196,50
2706,47
3118,46
7134,54
5632,50
5090,53
7098,38
8238,52
3296,54
3568,59
1144,55
1670,51
4228,52
5204,54
4304,45
5506,42
5736,55
4156,51
9364,47
7856,46
5898,48
8032,45
8386,52
5648,46
7168,57
4424,54
2180,49
266,47
1344,50
8656,51
5746,51
2618,58
9142,49
4106,52
9814,47
4126,39
2974,42
988,50
7284,52
3270,55
8052,52
7560,41
3918,48
9688,53
4128,48
3722,53
2790,51
1468,55
1678,53
836,43
9762,62
3490,51
1800,40
8546,51
2744,49
1656,46
5522,56
7334,51
6472,51
7572,47
7632,54
436,45
9618,50
3700,49
8426,50
2366,58
1906,44
7476,48
5688,54
5920,59
9742,50
2070,45
7624,51
8836,50
3128,49
2588,47
7446,53
1044,45
1674,51
6814,37
6676,55
734,48
2398,47
4688,45
9196,50
8564,53
5420,50
4,52
7558,50
7570,55
8048,44
3488,43
5156,47
6112,49
5158,48
7032,51
9246,51
5708,55
1300,63
1042,52
2976,58
5082,54
8512,49
6726,43
152,45
9468,50
4498,45
3140,49
7146,50
9102,48
3304,47
406,53
888,57
874,51
3298,42
162,51
5184,55
4016,44
2200,48
2724,35
3164,45
4878,47
4672,53
120,59
6478,54
8172,54
9432,59
2352,50
9008,47
9514,45
3328,60
4258,37
9974,56
6136,46
5170,56
5908,44
2332,51
3602,48
1710,40
9106,50
9250,53
9458,52
8758,49
1688,46
6592,54
5028,54
1750,46
6850,46
9838,44
5016,44
1228,51
8712,51
8740,42
306,65
2080,53
282,42
1132,58
360,56
4954,46
3202,41
7770,54
52,49
5534,53
3374,52
8328,49
9878,43
5186,43
1608,52
7376,44
2518,48
2132,52
720,53
6602,57
4092,47
5112,39
8896,41
770,53
2824,48
5954,56
6096,56
9802,51
6284,47
7236,39
362,47
862,42
5258,51
1066,47
2972,48
6066,53
6980,54
6948,57
5216,43
7246,58
5064,56
1290,57
5428,51
7012,56
3380,54
9598,53
9654,49
966,52
694,50
4568,51
280,46
4328,57
4602,53
922,55
5176,51
3846,53
4480,49
7392,49
4986,57
6704,50
446,54
5260,54
7670,59
6116,53
8060,54
5952,42
2930,43
1730,47
7628,51
3624,54
8594,46
5148,48
5168,45
6372,55
3930,58
4830,54
7792,53
8674,47
9698,47
5444,42
7014,48
3946,49
348,53
7806,52
7374,48
8588,57
5620,38
3220,45
2054,44
3274,59
2412,49
6094,50
7274,45
6552,46
7196,43
6532,54
4288,58
2030,46
1268,56
4810,58
7238,45
1418,58
8572,51
7254,47
8112,49
288,57
3810,53
2452,45
7142,51
9222,44
3416,36
5874,50
2948,48
6724,53
8968,48
8480,49
4414,50
6470,45
3230,63
6944,41
4494,47
2906,53
332,63
9394,41
6216,48
9270,47
8990,47
2586,55
1092,53
3400,41
5728,36
2644,50
4528,51
4542,48
3186,45
2696,44
4944,47
1988,51
6228,46
3938,50
8296,50
1070,53
1294,47
2194,49
3360,47
532,49
2672,51
5086,52
4120,42
9292,51
9810,51
118,51
3022,46
6158,49
858,48
9406,46
1196,48
6956,54
6770,49
738,52
5100,47
6144,48
9642,52
6002,54
5456,53
1216,52
1930,52
1622,45
2818,46
3090,55
9702,55
4356,48
6598,46
3228,48
3148,48
7844,62
3378,36
28,55
7256,36
8964,53
1870,46
6244,53
958,51
2312,54
6696,57
5984,55
7482,48
9354,47
7024,57
9544,50
7662,53
3196,53
106,52
3664,53
8010,49
3338,62
8330,59
274,50
5614,55
6720,52
7586,42
8260,52
2710,51
9170,51
3796,42
5922,54
9382,44
6796,44
9848,49
2008,48
6456,58
8282,41
9970,58
5544,57
7780,41
9128,51
3132,50
1288,50
4740,55
6872,51
7488,38
1642,52
3172,56
7750,51
7514,46
9282,52
3552,56
7756,47
5106,58
9254,46
9780,39
3474,47
3576,50
4952,55
5698,59
2300,58
8318,45
88,37
3762,50
4998,48
7898,51
9604,55
9082,50
7082,46
8956,47
3466,51
8476,46
5594,60
8580,51
1576,49
5784,51
7848,48
8910,57
5656,48
8054,47
3010,54
3156,43
5364,45
5816,51
1448,48
1802,49
8180,54
4166,52
1818,42
396,52
2170,41
7480,50
2256,53
7908,48
9650,56
9674,47
3832,51
418,50
3536,50
4996,50
238,46
3690,50
3012,52
18,59
20,60
6438,54
268,47
2548,50
5628,47
4756,50
4776,49
7280,49
6990,48
4342,52
1618,49
1722,51
504,41
2918,47
614,58
1904,46
8042,40
3062,58
4170,60
6928,56
5322,49
7132,51
6612,56
9616,54
9668,54
5602,56
6792,39
4298,51
6038,46
9148,53
9672,54
2606,48
3438,55
3996,60
6376,52
7364,42
8412,65
86,51
60,51
1462,48
8446,57
2538,38
3752,48
7618,49
638,49
4132,52
3646,51
6098,56
426,48
4936,53
36,51
1206,53
6868,50
7938,39
8002,66
7674,42
2290,48
3046,43
358,54
978,49
2446,53
924,51
6166,50
9032,41
2558,48
4012,47
7428,43
8826,49
7170,61
8154,51
1322,44
1616,52
5446,54
6494,57
7902,51
148,56
4184,50
2890,51
2662,52
940,49
4416,49
4520,52
3244,46
6752,45
8314,48
6544,60
3758,47
8400,44
3346,46
2058,50
3906,60
3770,57
128,53
6660,48
7696,49
8340,46
9694,49
6692,46
4518,50
8460,47
560,48
4888,38
210,43
2196,51
2860,50
2658,55
2722,43
9192,44
642,46
1530,42
3366,51
7288,41
6500,50
8504,63
2788,49
7418,51
960,51
3184,46
7652,58
7522,45
580,49
3162,46
5810,48
3994,41
778,52
6242,57
8130,45
9248,49
4552,54
4684,47
1426,46
1786,41
5134,54
2242,61
5956,46
5046,49
8566,47
2436,48
4938,46
8998,57
1840,47
6148,50
5712,48
2304,57
5866,47
8808,50
8022,53
2062,50
3404,48
4300,42
9512,43
2616,45
9968,46
3788,51
9670,45
4884,61
4280,51
2234,56
2362,47
512,58
2632,46
8322,54
7798,48
9680,49
5188,56
4594,53
9522,48
366,56
4222,51
4694,47
5962,54
5286,49
2036,48
7452,48
1058,49
8902,48
1908,56
6524,50
7240,52
1654,41
4364,44
3636,53
434,47
3472,47
9528,58
6706,47
2250,54
3092,50
2540,47
8090,46
7946,49
1062,54
2874,51
9052,55
96,37
698,49
4580,47
3556,46
9912,51
4956,53
4868,58
1316,58
2804,43
7116,57
7766,47
2756,49
1006,47
9594,42
7648,50
7926,44
8714,52
3348,56
2370,50
3886,45
6562,43
5312,52
8388,56
2798,37
72,50
2836,53
5450,58
3730,56
9030,55
2856,46
7820,45
4072,49
6866,47
652,49
5182,45
2088,52
6076,52
2748,45
76,51
1192,51
9050,50
5426,51
5348,50
5624,55
9090,53
2420,47
902,50
8624,53
1918,54
7462,48
5026,55
124,44
984,54
6192,45
5662,48
1340,50
2286,47
6508,49
5000,44
1420,58
4394,52
4948,46
8,46
9706,58
8366,50
3888,47
372,46
3964,47
4790,48
9932,54
9470,51
3340,50
3824,62
8100,49
600,46
2774,58
8970,48
7826,47
8396,36
2374,48
1178,52
2582,47
2780,52
5726,48
4512,41
9490,45
910,57
9812,53
7528,64
7996,45
798,48
7574,46
4860,60
7402,44
4768,56
5742,48
5720,55
5372,58
7330,58
2760,48
5756,56
4130,49
2654,50
5108,45
7004,54
5370,51
4408,53
5800,57
1266,50
726,48
1766,57
3104,52
6530,48
2490,47
1298,53
4358,47
9140,42
1258,49
7220,44
6564,50
4376,54
4550,57
1346,54
3226,42
4564,49
1874,47
5330,46
608,54
606,48
1184,55
5552,58
8182,50
6526,52
8038,48
678,55
6356,40
8510,55
5764,54
6502,49
7046,63
5068,54
4094,48
190,48
6680,47
3458,54
8444,45
2128,58
872,58
378,48
1396,50
4806,58
7172,47
6678,55
26,65
3648,50
5864,55
9960,54
6418,48
1534,42
8464,48
9794,51
6294,45
5674,41
4782,51
9390,47
1856,56
9054,49
9666,56
2146,46
4788,42
3386,51
4502,51
5692,53
294,55
4698,54
188,54
6150,55
2640,50
2296,54
9982,56
3312,50
4102,54
5292,53
634,43
6558,55
5284,46
4532,58
7486,60
7866,52
5528,62
6044,43
6832,53
6698,55
9360,45
3972,38
6610,49
2478,46
8064,50
9610,48
7192,54
7260,52
7242,56
2380,46
1342,52
1948,55
4448,47
232,54
1378,43
7524,46
3852,44
5658,51
4546,54
6458,47
5572,50
3694,44
1832,56
4858,46
258,48
6800,52
8184,56
8928,54
6262,47
8776,57
2966,51
4702,52
3956,43
484,50
550,48
3194,46
1392,44
4704,50
3460,53
4844,55
7398,48
5416,49
762,60
3798,47
9864,49
1166,44
130,48
860,51
1434,47
8360,46
4022,48
6574,44
5304,54
990,45
1358,49
7084,44
4392,45
9144,52
8936,43
7904,50
2144,48
2316,48
38,44
7642,42
2430,49
1644,53
2714,56
3262,53
6734,48
1812,58
6210,52
5992,57
4706,48
7346,49
8582,62
7006,58
5924,50
2908,43
1274,52
5948,47
4354,44
1822,47
5794,57
6812,53
2274,46
3122,55
5622,52
6328,44
1860,43
7702,41
5480,45
9556,55
3698,46
7460,42
8608,52
1980,49
7504,49
8044,59
5542,54
1224,49
4514,51
4284,47
5822,54
898,49
296,47
9048,54
7814,55
1026,48
3442,51
6446,54
4504,47
2500,55
6540,50
8628,51
2870,36
6126,48
2496,48
2580,45
6442,53
6504,51
9310,44
4188,49
3924,49
7278,47
6390,51
248,54
852,45
8524,44
2408,53
1064,54
4720,43
3958,41
178,51
6964,51
1504,54
9936,50
1944,49
9002,43
6296,56
4380,52
3756,45
8490,54
756,49
3928,52
1508,52
7588,46
3038,49
1090,47
6572,45
9480,47
8170,47
8456,49
1844,56
2106,41
2702,52
1122,60
4322,46
1692,43
7906,57
3544,53
8828,44
3276,56
8118,43
9590,50
2336,46
4578,51
8508,49
8482,50
8922,47
5798,53
2754,48
8294,51
244,45
684,45
1960,48
6794,53
4604,53
2684,49
5464,45
7162,49
2826,53
9342,59
1388,51
6222,55
134,56
970,58
7262,41
8214,49
4932,46
6486,55
8706,43
8306,50
3688,48
6588,45
6632,56
3944,56
8950,47
8200,50
202,51
7690,46
9152,62
278,47
7966,56
8986,58
1188,48
4668,52
2590,56
718,48
3292,55
6252,52
980,49
2056,47
6146,49
1094,52
5334,48
2014,44
7386,54
9348,48
6962,54
2680,40
1974,49
4748,44
2284,51
5568,52
3044,48
6278,54
4660,51
9212,48
2050,48
3430,52
7654,50
3526,48
8114,55
1140,43
9710,47
3182,54
1118,45
3656,53
7126,52
5716,52
4490,51
5374,49
1684,53
1134,57
6856,46
328,46
7108,56
1360,53
2204,58
7940,50
3344,47
3232,56
5014,57
5006,40
7508,52
800,50
2212,47
7564,53
5280,44
7650,47
5574,53
802,45
7598,46
4252,46
7316,43
3426,51
5476,51
8362,48
50,55
2522,53
1082,48
4340,45
7968,49
5232,53
5616,63
7056,51
9906,51
2954,55
4650,52
6934,52
3768,45
6624,54
5748,50
5904,53
6132,48
422,57
596,68
8878,45
3626,53
9420,52
1648,53
9446,49
8642,61
3432,46
2190,50
6416,47
7182,52
7892,49
5560,52
7266,55
7956,49
8458,49
3166,49
9834,46
374,49
8806,41
1194,44
7630,48
8636,39
4370,51
4644,53
6432,46
1302,50
2530,41
6358,49
8754,49
2118,56
8738,45
8898,57
7430,51
8888,41
8560,55
2458,45
9214,48
8698,52
6750,46
2134,47
7002,53
7530,49
454,50
2002,51
6134,54
2354,48
9060,46
752,49
7148,51
4352,56
4890,45
6622,44
9076,53
2422,49
464,51
14,51
4238,47
4476,39
1338,52
1494,52
2078,50
5202,47
9484,57
226,47
318,52
1128,52
2892,47
9172,57
4402,53
4278,45
6440,46
7700,43
228,49
6196,44
9582,57
3518,53
5144,44
1282,54
2010,58
9682,48
6118,55
9328,37
1304,51
9498,51
3240,47
992,49
4574,51
3306,49
3998,47
4116,57
5122,45
7294,63
7128,47
5802,47
7812,51
9958,56
4876,51
4642,56
758,51
7150,51
7658,52
2838,51
3282,47
2108,55
7054,40
7958,57
8692,44
9724,44
1386,48
8814,55
2116,49
8912,55
3896,50
5004,48
9664,60
9464,50
784,61
4036,45
2330,52
7930,51
1942,46
1714,52
918,54
6042,50
1970,52
6298,50
9952,53
292,47
5676,54
1592,56
7060,51
2634,49
754,47
1262,39
2164,48
5938,45
4060,49
7554,49
5236,55
4656,46
8204,57
7678,50
9116,51
8576,49
8570,51
252,51
2604,48
5058,46
1020,60
5576,60
7052,51
9462,48
4798,49
8848,45
4920,47
2822,48
3294,41
7282,51
5646,45
5636,52
7986,49
8226,47
7872,54
9908,57
7934,47
9640,46
5160,51
7176,46
3834,49
5604,57
470,52
5966,48
8070,51
3740,45
3484,43
7818,49
1854,50
3284,53
7552,47
5358,47
7822,45
3434,47
1142,51
804,53
9818,44
4770,49
6828,51
2768,55
4028,49
2746,54
8934,48
1774,55
7038,49
6580,47
3616,46
174,49
6176,55
1424,51
7592,53
3986,51
1100,44
3364,60
4440,50
8220,52
9506,52
3966,58
7846,47
1518,54
5044,37
9984,53
2844,55
2306,55
7726,44
4108,46
8530,53
2378,49
9110,48
672,54
4940,49
8156,48
682,57
1826,47
4338,52
6452,46
6140,53
1682,47
7860,45
4344,43
7090,44
9150,50
2956,45
2694,41
9722,54
2544,57
2980,52
6712,55
8766,45
9064,46
1602,42
400,50
2364,52
3534,57
764,54
334,52
2020,57
6876,45
1200,56
1470,49
5926,55
2770,47
9040,59
4396,53
9398,52
3794,57
9502,50
4538,49
890,46
1538,49
6340,55
9176,54
9516,53
1762,43
8838,54
9376,52
4834,48
4382,39
8818,57
1624,44
2992,47
6122,51
4422,45
662,59
6994,43
6996,50
2210,45
1498,47
3266,45
9964,53
8250,55
9160,49
312,56
1888,44
6836,46
936,56
4746,47
2564,52
1982,55
158,57
750,54
2012,47
5442,58
8406,44
9542,50
6802,44
3754,43
1884,44
64,52
3388,56
2236,50
5154,46
8652,48
9132,49
8334,52
5050,45
7836,51
7924,51
2988,50
6408,50
1728,53
5498,48
7066,47
9260,46
508,53
640,53
2136,40
7186,52
9358,50
3492,43
6804,57
714,49
7984,48
8378,57
1516,49
3254,48
2026,51
2324,49
3222,50
4236,45
7308,46
8160,46
6638,47
6738,56
8666,43
116,52
4826,55
6474,42
1366,50
3080,52
4454,55
5412,52
1914,55
1620,52
3686,45
4712,55
5878,52
6626,48
8914,52
2168,50
7660,45
7970,45
7270,50
8298,52
534,49
1248,61
1938,54
4010,44
9564,56
4118,50
4870,42
4848,56
5630,52
6810,59
9026,53
2914,51
7198,47
2356,47
9898,49
9380,60
3468,50
1706,47
5448,54
1740,55
6772,51
3314,52
4432,45
7478,56
9602,49
3498,48
9472,60
8280,37
3174,37
1318,48
2160,50
5346,48
8008,52
3354,58
2434,48
3662,52
8526,56
3726,53
8376,45
6892,49
7026,50
4324,56
2310,60
9122,47
4614,50
8812,48
6174,56
3842,48
8088,47
5390,41
2000,46
3766,54
9972,40
5200,62
9438,58
4290,58
6880,51
9776,59
6522,51
8864,53
7944,42
3530,40
5512,37
1408,57
4144,52
1600,52
4332,52
8704,52
7738,51
5386,54
9966,47
9696,52
5598,51
5918,43
9118,42
6894,55
5730,43
9238,45
8842,48
8866,44
4430,54
2156,60
9022,46
1934,52
2100,56
630,54
5152,55
9916,49
7064,45
8242,56
556,53
5180,42
4400,43
476,37
5642,40
4248,47
7502,52
5960,48
4832,50
894,46
7974,48
6756,47
8418,53
4606,52
5530,40
322,54
5842,47
4136,62
3078,57
8590,47
1078,55
7328,48
760,62
2182,58
6534,48
8076,51
1484,53
5352,45
6798,49
2546,50
9072,54
2474,51
7562,51
4626,54
8686,42
9114,50
4152,55
6908,50
2936,47
9538,40
8012,51
1578,48
2516,52
3786,42
6968,53
1814,55
6382,55
7384,46
8830,42
8726,44
1776,48
5760,48
2532,58
9392,43
3094,40
2630,47
5308,55
3618,51
4314,53
8176,61
8166,49
7318,48
7622,46
2484,47
5214,54
1662,48
5596,56
1074,43
9320,51
80,52
2526,46
8880,41
1048,50
9712,55
9922,44
9750,43
352,53
5230,56
1056,45
4088,50
2614,51
7936,51
1936,47
270,52
998,58
9880,60
2962,48
5194,44
90,49
6694,58
3584,52
3950,52
5626,48
7910,43
7424,53
9740,46
1114,57
2358,55
3622,49
4808,47
7884,41
4194,42
1542,42
7740,44
7620,53
424,53
2984,53
200,49
5020,53
1440,47
7040,55
8006,44
3198,49
5368,48
142,53
3224,50
3800,49
1640,47
1990,48
3152,46
250,42
1456,46
2728,50
9402,48
2942,49
6972,55
5242,50
1892,49
1240,55
5262,52
780,48
8000,62
4042,53
5392,50
9188,51
8680,46
308,48
8186,47
8094,57
3840,54
1138,53
6854,51
7706,51
2172,49
6728,46
6808,47
6620,45
3200,36
5664,48
4496,50
4980,41
2406,49
4962,49
8256,40
2046,55
1038,53
5996,44
748,57
8096,51
9408,49
7326,42
746,47
1764,39
2042,55
7250,57
5060,54
938,63
9860,52
5606,58
4068,50
7030,51
4966,51
2970,41
9774,65
7370,52
9854,50
1256,45
7870,50
3632,57
3862,44
7602,45
1384,45
6052,53
8854,55
1236,54
2024,48
2990,49
4444,47
48,47
2996,44
5128,50
7546,47
6594,40
5382,58
3188,55
7208,50
7390,57
9340,48
5854,59
8140,46
448,50
3028,51
392,57
3954,53
3948,58
8466,58
478,51
6300,39
776,57
932,53
9796,62
8690,42
386,56
9628,41
6520,45
7978,44
1260,54
2596,56
7722,48
7932,54
180,55
1868,46
8326,49
7178,54
1734,59
6360,50
8978,51
996,47
4212,51
1976,54
24,58
146,53
6392,49
2510,61
4302,46
4078,46
4928,51
934,54
2848,46
5298,46
3532,53
1570,45
576,50
1162,52
3382,50
7362,53
810,50
4508,46
712,44
3822,44
5240,54
3718,49
3480,50
4064,57
3052,44
8498,51
4206,50
3812,49
7464,55
8798,55
1882,40
2778,50
5314,53
3502,46
2254,52
5950,56
7998,40
22,54
3258,51
4168,53
3420,54
5660,53
6008,46
8736,50
9488,53
6842,47
1838,50
3208,61
9324,55
9646,52
2882,54
6314,58
6282,56
3358,50
7444,55
4256,43
9038,50
1910,50
9322,60
590,48
136,51
5640,53
9028,51
6714,49
8208,52
7972,43
2372,51
2392,55
6022,45
4384,49
7366,54
962,43
1010,50
6902,55
4658,54
6046,49
5774,56
884,48
1402,52
246,47
5588,50
4098,55
8178,48
9720,41
7350,54
9220,43
3990,45
3866,42
1198,53
5634,45
6184,49
736,50
78,48
144,39
3056,47
7120,41
494,52
2708,52
4178,57
9992,46
4196,43
9572,50
3150,46
3780,48
1264,54
1758,46
6264,51
9758,45
774,46
2940,48
4286,53
3610,46
7980,51
2492,52
7080,49
1428,56
4124,52
3744,52
6086,52
1374,55
164,48
794,46
438,49
4792,49
6350,50
1368,53
1574,54
6548,53
5734,48
7160,52
8584,43
2686,56
8938,48
4744,47
5414,56
6348,43
9436,45
1210,59
3574,56
4148,43
7068,57
7774,46
2782,44
3604,52
1146,47
474,44
5114,57
4080,54
8128,50
4894,52
9988,56
6716,47
5110,53
650,54
4420,64
6082,53
9730,54
2636,46
1896,53
4318,47
7422,46
7616,53
8640,58
6670,42
1700,49
4840,47
8762,56
6506,55
9626,47
402,45
1704,54
9788,47
8668,55
9948,47
9240,46
7292,52
4030,55
3268,51
7188,53
1174,52
3514,50
7484,48
7680,43
9316,58
9980,48
9070,51
9300,51
4292,45
4390,53
2122,45
3246,51
2098,46
1806,47
8596,42
8650,50
3114,49
7276,40
916,54
8430,51
5612,54
2738,58
3212,62
5566,54
2950,49
1864,50
284,57
1956,39
9580,54
4516,42
4942,43
6930,51
674,56
914,48
3828,49
4062,41
6120,44
6986,52
9566,48
516,44
830,46
4654,55
8358,51
6652,47
7518,49
6926,42
3652,51
3368,50
8980,43
16,51
2562,42
2176,49
8780,37
6482,47
7086,44
8960,51
9778,42
9994,55
8528,51
8994,43
9296,44
4468,51
6026,56
5650,53
7626,51
9684,53
4898,58
2884,49
4600,39
500,41
5582,53
10,47
4728,56
7164,52
3578,61
7472,47
2404,47
9508,60
6862,47
7794,56
8470,52
7206,52
2900,54
2566,49
5142,50
9044,45
4264,43
3252,42
6138,53
260,54
490,45
8598,56
9104,56
4360,51
6708,55
844,50
2278,54
314,54
8190,48
900,47
4052,38
4326,43
6188,51
7882,53
3402,51
5510,56
7406,57
9112,49
1560,46
2692,47
3784,53
7512,50
4056,51
6312,61
6248,49
4566,52
340,47
5556,50
2076,47
2258,56
582,51
1546,55
2466,51
3874,46
5342,42
5362,47
904,56
170,50
4916,49
3528,49
2828,47
4700,46
6384,52
732,45
8026,45
1742,48
7720,42
2934,50
7788,53
624,44
3216,46
9388,60
1446,48
2450,51
7610,45
9976,49
2468,46
9466,53
9186,56
7754,55
644,55
8648,49
5356,60
6700,52
112,47
3988,50
1612,58
5834,38
1514,44
6984,43
184,61
1412,47
632,49
1476,48
6036,47
5514,48
1962,52
6528,50
974,48
5744,47
544,51
4970,44
5550,59
5672,43
2084,54
8870,49
6582,54
6686,47
7828,49
9162,50
6614,57
126,46
2238,57
7578,48
2572,49
6630,54
1442,53
832,56
4004,57
8442,47
9138,51
1594,53
7076,54
2470,47
198,40
7400,46
8144,52
9012,54
8966,55
9378,52
9450,47
2656,60
168,47
4262,52
5294,56
9280,50
5808,49
1520,44
2730,54
1950,51
5172,56
4750,54
5880,51
1954,53
6420,53
8664,59
5196,46
3450,46
4134,40
9146,38
6816,59
222,42
7850,43
4070,43
7510,48
3424,44
3144,49
3510,54
4216,47
336,49
5694,55
214,43
2638,43
4366,50
3550,55
3782,63
4484,52
5320,60
9636,48
5138,53
9862,52
9400,50
9844,55
942,48
5890,49
8638,43
4032,48
7338,58
9302,43
1372,51
4766,52
9662,58
5388,50
2834,51
1698,42
1746,47
9202,45
8840,47
1572,54
2592,54
1634,51
3026,52
4204,44
8742,54
1646,52
1522,55
1986,53
4982,57
3814,43
5592,59
7708,48
2864,46
4912,49
1244,54
8612,54
9872,57
8104,46
3384,51
2944,44
5526,52
7676,52
7216,46
6084,44
6108,56
5478,45
8800,51
8890,47
9086,55
1820,59
4200,51
7692,61
6618,54
5218,46
6130,51
4044,56
5792,53
8974,46
7058,55
412,46
7420,49
8542,51
8028,46
6182,46
3806,43
8856,51
8136,60
8454,57
3446,44
6280,47
6090,45
6454,57
104,47
458,52
9840,51
9180,57
3684,55
7010,46
6194,45
868,63
4716,55
1902,52
4620,56
6774,45
1034,50
1568,38
2624,54
6606,46
4822,56
5896,47
8016,54
2816,42
5010,46
5986,43
668,59
7790,45
1376,50
8678,60
568,49
9614,52
7816,51
7842,47
6062,56
8080,49
4596,47
4758,42
3110,57
2208,54
4640,47
9062,44
9204,52
3850,45
9920,46
2104,52
594,50
4082,52
7230,51
442,38
3074,50
5276,50
9510,48
7286,61
8020,52
4902,49
3522,45
4274,53
9998,40
6054,49
6444,45
9592,53
570,54
8746,53
6394,44
8410,51
2400,59
4652,58
9266,46
1878,55
5024,49
2072,50
4634,51
5546,51
1694,38
7070,54
9424,52
8702,44
8744,53
7436,51
4914,53
3920,42
8344,47
792,46
2432,49
6784,58
3660,47
8892,58
8146,53
9550,54
8216,55
9434,55
416,52
9784,48
6286,47
6056,50
1160,53
2758,47
3508,56
7426,51
8472,51
9954,54
9986,52
7920,45
2216,57
7440,49
9676,51
6822,39
7458,56
564,44
7800,55
5326,44
6858,51
8198,54
724,44
276,46
2048,47
1536,49
3634,47
5458,54
7776,55
9738,50
1460,57
8494,48
7976,53
9638,49
8790,53
3564,59
8732,47
6830,38
4492,60
604,45
1964,45
3676,53
5034,50
9262,55
6198,58
9942,54
3682,51
9708,42
6346,39
5724,57
7410,52
1410,53
3456,54
9208,58
3272,55
3066,39
7332,51
4038,55
4374,51
7184,50
9962,51
8786,53
8074,54
466,55
1040,46
912,49
6410,55
2958,51
5814,41
6644,51
4310,47
9416,56
6270,55
4780,52
6332,51
1466,61
3436,55
5324,53
6568,54
9846,52
8078,57
492,58
1148,52
2594,51
7948,54
1168,46
1830,42
7886,60
5832,48
3650,50
9216,50
3336,56
460,53
2664,41
7928,56
6940,49
1390,49
8810,51
8872,38
1630,50
5796,51
6538,55
9274,53
2092,47
9100,54
6642,51
6168,46
1182,46
1632,45
558,57
1150,44
1808,52
3032,53
6450,54
5492,47
5508,56
7394,51
944,44
6764,55
1046,51
1280,47
5754,49
2052,55
8278,47
9084,46
1816,59
6684,44
9904,53
1158,60
3922,56
9482,50
338,52
3858,58
1176,56
9396,56
6818,49
8036,53
1098,49
4226,51
5932,47
9606,42
9334,46
344,57
1320,46
834,51
4008,48
5718,47
4742,47
664,37
7888,46
2174,46
3500,56
2040,50
2360,45
6190,45
3974,46
2762,46
4632,44
5850,61
9530,49
9492,45
4864,51
968,44
5288,53
3146,46
1940,47
8348,45
3848,51
326,49
1556,46
4534,53
2246,51
6674,51
8676,45
2034,44
208,54
6498,52
9168,45
9452,46
6736,43
1186,50
4562,49
4306,43
7156,57
6710,43
2198,40
5222,53
6760,53
8696,47
4752,56
3910,54
3520,58
6306,50
3000,52
6616,49
9752,49
4682,49
1076,42
536,50
6060,50
2648,49
3880,48
5124,47
3696,35
7666,48
7550,49
9946,44
5394,51
2578,41
6668,47
150,48
3462,52
3180,49
7962,58
7584,52
3018,47
3980,52
9278,45
8948,50
368,42
796,39
8958,48
2886,53
6180,47
8420,44
236,45
316,45
8760,55
612,52
4406,40
7138,51
9822,52
6766,56
2368,43
6414,59
1850,51
6566,47
4198,47
6898,49
4398,51
4608,42
1218,52
4646,51
5964,47
1356,50
5484,47
994,47
7380,51
6722,41
7074,52
166,42
7218,50
1922,46
7890,49
9428,53
9768,44
3902,54
5558,44
3620,58
7590,51
1014,51
2068,40
5248,51
2004,51
8030,53
1690,48
2178,52
4612,57
7322,55
304,49
5344,51
7772,55
6970,49
496,48
498,48
7742,57
9886,47
2206,42
3548,53
3870,48
1792,55
9224,60
1532,48
4772,39
6484,51
5872,50
8904,55
9634,47
2928,47
298,52
4730,52
5930,60
156,51
4266,48
5056,47
6324,45
6960,52
702,49
5252,50
6088,57
3912,49
6952,55
5988,47
7228,47
1136,54
3590,47
7468,54
1488,48
6344,47
3678,45
4900,53
7352,57
6078,48
4950,47
7438,53
3658,50
4220,49
2514,54
4598,51
6040,52
7732,46
432,47
7536,52
3398,63
5350,52
5300,58
1726,59
4020,43
7268,56
7494,51
5084,61
5876,59
1898,47
4910,45
2528,55
2426,45
1126,54
3470,55
1050,43
6336,51
6258,51
5062,48
6480,59
1004,48
5772,45
3554,56
8474,47
7180,45
2868,53
1992,56
2646,50
4282,49
42,48
9772,40
6064,49
8488,49
8310,46
2752,54
9024,51
8108,53
9312,60
3236,54
3856,52
8716,46
488,39
2288,50
6788,48
6936,46
8356,48
8658,40
4276,56
3524,54
4540,59
692,41
6886,58
2322,55
8018,51
8660,48
5812,51
6246,49
8770,54
930,44
8436,48
9080,44
9230,51
744,49
4590,44
906,49
8602,45
1496,51
8924,58
5940,49
3914,56
952,57
9632,36
3790,50
7534,52
9330,52
8908,41
8072,44
8558,58
8982,57
9412,46
1858,42
2750,47
7900,51
9856,57
2220,48
4802,59
5404,44
3086,46
5570,44
6608,54
100,38
482,53
5738,45
9700,51
2550,48
9536,56
5916,53
1222,49
300,48
3330,51
9088,52
3496,44
850,56
8988,50
3644,55
9902,62
812,53
4786,51
9868,52
4974,47
5228,53
5910,53
6302,55
5074,50
8522,55
7258,48
8592,44
7232,48
8734,44
846,47
2338,49
658,52
7100,47
6658,53
7668,45
3168,50
5884,49
3692,47
6304,49
1842,56
2688,49
7226,52
7028,52
3412,55
3370,50
4630,58
6292,52
3542,44
3976,49
9520,43
3116,47
9760,45
7466,51
354,50
6490,46
7638,50
5080,52
5146,50
8244,61
2926,59
1400,50
6920,51
5972,51
2508,59
4794,49
8408,44
6254,54
7078,61
2802,52
7864,54
2820,54
7506,48
7760,54
9362,54
1232,59
9356,54
3742,45
2666,54
9716,55
9524,54
5336,55
7698,54
3882,50
4388,47
1252,52
182,51
6646,54
3904,45
8788,44
2326,43
8210,46
4122,45
1660,52
6404,47
3394,54
7264,47
1024,54
1326,49
6124,46
8616,46
6666,60
8248,57
6922,38
5494,47
6536,48
6974,65
6496,56
8728,44
7492,57
2438,44
5306,42
1370,46
44,57
4208,46
618,55
3264,44
7470,44
7378,59
5870,56
670,54
5750,44
6844,49
9578,50
8392,60
5270,47
876,57
9346,45
622,45
5740,46
2112,40
5462,45
9440,55
3408,51
5118,52
7224,54
1112,50
2386,52
5974,41
9004,51
552,45
2800,43
3712,51
6268,45
9120,48
1788,57
4192,48
3760,57
8536,42
3040,52
9218,56
1794,51
1214,48
3050,51
7416,55
1580,55
9704,52
6590,43
7614,55
7324,53
3248,46
3218,48
6650,48
2524,48
6462,50
370,45
2142,50
9284,57
3804,55
8750,48
4838,54
62,49
9914,48
8268,51
9678,42
444,47
6,56
9020,48
620,44
1718,53
3068,59
9108,51
3818,46
6058,59
1450,41
6640,49
3414,51
5758,51
1778,46
5840,58
398,55
1234,47
8796,47
1054,55
5070,44
3072,44
5092,54
8040,50
6824,45
8350,50
5278,49
6636,58
9318,59
7248,53
5502,50
3250,53
4976,49
8730,44
262,50
6542,44
7656,57
8254,45
9094,58
1890,59
2060,56
242,57
2032,51
9332,53
4404,39
2244,54
2898,44
5466,49
4368,49
3440,48
1952,51
6104,52
2114,46
4346,48
3444,55
9718,44
5096,48
6236,52
2482,49
2120,47
8748,49
486,56
5474,46
7992,48
5302,55
6050,56
5818,50
7954,45
2674,54
5116,44
3982,47
5982,50
700,52
7830,44
2154,44
9736,52
8860,42
1230,50
6864,43
5048,48
7194,48
8620,46
7008,45
8292,47
6402,50
9134,46
4054,51
4738,53
4718,54
1080,63
2498,42
9034,54
6786,51
1330,45
1350,61
2806,42
986,42
3362,43
7600,52
4006,45
2396,50
5888,40
1880,51
5990,50
8336,54
8792,48
12,48
4778,48
8312,45
1876,47
8066,48
2486,58
1658,54
1752,53
452,43
8150,52
5244,48
3746,48
5946,59
1246,51
3130,47
7344,47
2202,55
2814,42
1480,59
420,51
2584,45
2272,52
3884,46
6476,43
7152,54
5406,42
7714,47
8954,50
9368,46
2138,53
8882,41
350,47
808,51
1754,49
3024,48
8946,50
5094,51
3302,39
5680,48
842,46
2188,55
3324,44
7016,54
8116,54
6368,39
40,49
4812,48
6758,48
2298,55
1782,46
9014,53
5894,50
4362,42
4348,47
2704,54
1848,44
4722,48
4882,49
9754,47
1862,56
1068,45
636,48
3708,53
4994,48
6560,49
1486,55
3970,49
7048,51
4968,42
2424,53
3350,50
6016,50
2280,52
5998,41
8158,47
8274,53
8374,62
98,46
8662,53
9126,51
814,48
5482,48
92,52
3008,50
6142,39
1406,54
3808,50
7442,42
10000,47
4160,45
2410,51
1324,51
5776,47
4336,45
1120,50
1966,46
7174,54
7894,53
854,42
1852,49
5192,52
3606,50
84,52
122,49
3058,50
4734,54
8346,42
1984,45
7118,57
3422,51
4474,44
9624,54
6790,54
8034,47
8304,47
8962,52
7190,55
8876,55
1834,48
430,60
6954,60
6550,55
2130,46
1928,58
9734,44
7764,51
9306,47
1030,59
5042,51
4964,48
6018,49
1796,52
9882,49
8230,54
2462,48
8138,52
9852,49
3214,53
9656,54
7582,48
948,43
4386,50
2394,53
2444,48
2294,57
3666,50
8538,42
2622,52
4618,46
8832,49
5994,53
820,46
4240,62
5398,51
786,56
7358,49
1124,39
3318,49
7912,55
3190,55
2968,58
1772,51
2224,51
6012,38
9940,44
5098,42
4678,56
1994,54
3476,53
892,60
7768,47
1996,47
4150,48
3940,56
7854,44
9066,52
7682,55
9190,52
4074,47
3322,48
3900,51
9714,44
9622,45
8622,44
1920,51
5752,48
2276,53
4510,52
3504,50
8102,63
1032,48
2480,46
2150,52
4230,47
1452,47
9056,45
4186,53
4312,58
8342,56
3890,49
616,49
8784,51
8710,55
3356,50
9658,51
6366,51
9058,53
1686,48
6080,59
6742,56
6318,49
9448,58
7858,50
9832,49
6412,59
7834,52
4464,54
4754,48
4862,49
5332,50
8428,46
1306,42
6878,55
176,50
9042,57
2628,51
3898,52
4320,46
7092,56
6206,43
4818,49
7612,47
2320,46
7734,47
9518,51
1362,56
3778,47
2840,51
1972,47
4622,48
3310,42
4182,47
3108,44
5892,44
376,50
9910,54
8276,52
928,50
7874,55
8952,52
6578,55
4816,48
2350,51
5272,49
70,48
364,54
2166,50
9728,53
8926,54
6024,53
3674,46
6570,54
1998,53
4636,49
7704,48
562,56
4296,46
5054,44
3892,48
4436,54
4854,52
6604,47
2228,47
3406,54
5564,55
6288,44
4172,51
6912,55
2318,48
7320,62
240,51
8644,52
9808,53
3482,46
4456,44
9130,56
6212,47
8794,57
7880,47
8416,52
1286,55
5780,46
7960,52
9560,54
8414,40
2314,45
5130,53
3934,53
6546,51
5770,55
7810,47
826,52
234,45
5076,52
3178,59
5936,47
2340,52
1736,54
9308,52
3984,51
7576,47
8264,52
7982,50
7036,65
2896,42
4558,56
6998,54
7296,50
3562,55
1666,51
518,52
5126,42
5886,42
828,51
8772,49
1552,56
6820,43
4846,63
5162,51
964,53
5310,59
6218,49
5644,53
7782,52
5804,52
5934,58
3206,50
3082,46
8894,57
6596,53
2454,56
2442,47
1702,51
2842,45
6434,56
3680,39
9892,46
2066,52
3142,46
1926,41
5008,47
5600,44
3854,48
8506,54
3234,63
8844,57
2158,59
3872,49
886,47
1614,47
1422,52
3642,54
7368,52
1744,57
4164,54
5768,44
8556,52
4190,44
2846,47
6070,62
7832,54
7868,55
9352,48
6510,41
9276,48
6586,51
6516,47
4978,47
2534,52
388,54
254,49
5264,49
6110,48
2894,46
3260,55
1784,48
6782,44
3820,49
1676,52
8224,56
822,50
2388,57
9764,59
4046,48
5360,56
7594,56
8548,38
8578,48
1912,46
9540,52
7862,44
1156,46
9744,52
7314,48
1332,50
2536,50
4500,49
8468,52
6916,52
2932,54
4442,50
9460,61
5652,53
9366,52
1760,39
5102,50
2698,55
4146,45
2342,45
1276,45
3076,53
5580,48
3732,58
3006,49
5496,49
8492,49
3334,41
704,53
5862,53
6436,53
9500,52
6932,57
9504,52
394,47
5778,47
9648,55
7686,47
3392,42
4096,43
2140,54
8134,50
8222,53
882,47
206,54
9486,57
3478,58
2460,35
2830,50
4852,42
9552,52
5900,43
7796,45
806,47
1072,55
8930,51
8816,53
3300,48
7838,54
9442,51
3802,52
6374,38
7916,51
9404,43
1208,47
2328,48
8862,44
4666,39
8098,50
2102,63
3908,50
4560,52
2920,54
838,57
7388,57
510,54
3936,57
6748,54
272,47
1584,50
9000,45
5806,47
8132,52
4692,52
7950,48
4586,43
8082,55
2270,45
4690,39
3342,47
5978,54
9252,51
5002,39
4972,46
976,59
7640,39
816,55
9234,52
9608,57
7414,56
8752,40
8972,51
5548,54
4294,52
4842,51
666,46
1458,49
4350,44
6730,44
8432,53
2344,54
584,46
5852,50
4506,46
2018,54
1604,41
3372,47
3176,44
7404,49
6186,49
6010,54
1380,44
9074,45
3668,54
6256,55
2560,52
8718,51
5274,45
8398,50
7746,45
7914,50
8382,48
9990,53
706,44
1924,47
7044,53
230,48
9136,49
2520,38
4880,50
7664,51
8886,58
9286,55
5012,42
8142,54
2650,41
648,48
9874,42
8774,58
610,54
1334,51
2922,49
8724,41
4762,51
4214,50
154,51
5786,51
1586,55
7252,51
9870,41
5562,48
1108,54
2764,55
3962,58
4254,56
7298,52
8562,52
6992,59
6000,47
1180,52
3608,48
5296,54
4662,55
6370,57
1610,50
2726,47
7110,46
8700,52
2620,53
8240,53
9232,52
8024,40
1292,54
4872,54
5516,48
7122,53
4616,52
6492,45
4242,58
6004,50
8192,50
5164,47
1212,49
5424,51
5782,48
8646,65
2064,53
3238,57
2230,52
6848,53
6744,55
9918,45
9806,54
7408,58
1544,45
5132,52
7568,41
1110,53
4018,36
9690,53
3764,51
772,43
6388,42
4714,53
586,42
1724,51
428,55
7396,54
7922,51
1900,55
1328,45
9068,55
4014,48
6156,49
1336,41
6220,53
8050,54
8462,49
302,54
8438,44
9414,45
8708,51
5460,46
1430,50
9926,47
1414,49
2850,52
7718,55
8452,52
8868,50
5438,42
1416,52
3002,53
94,49
7596,51
192,49
9570,51
7432,48
5422,49
2716,49
3192,49
3710,52
9370,55
7154,58
3566,45
8422,42
9836,46
8272,47
9928,49
2608,46
8004,51
8196,43
9256,48
6330,57
1404,47
9198,53
646,55
9828,57
6178,52
696,49
3670,57
1308,45
2712,55
6688,49
4664,54
8262,55
5206,49
58,60
4828,45
8110,56
5554,42
8394,47
9830,52
7234,53
878,55
9790,47
3332,46
7454,51
1104,48
6032,51
2732,50
848,46
7758,55
5178,45
2110,45
9858,50
5504,53
4592,43
1190,50
8286,49
1296,53
30,48
7336,56
6092,44
9782,53
9686,52
4674,56
4418,48
3158,46
9092,45
6904,49
2464,48
5732,56
9584,54
9568,44
688,44
6152,49
3418,49
8682,53
2600,44
9242,56
506,51
2964,41
5914,43
9850,48
592,53
4334,40
8984,54
2626,55
2910,43
9478,57
7050,46
2924,56
1932,57
5788,50
6074,45
4814,42
8284,51
8434,44
740,53
4450,50
6234,47
2808,54
5282,45
3516,48
3600,54
7434,48
1398,50
1968,41
2792,47
8354,47
8654,47
6310,45
7356,46
1172,50
7542,62
5826,46
2494,47
4452,40
8228,45
5150,53
8236,49
34,55
2488,51
8804,54
6202,51
7124,59
3452,48
8782,43
5844,46
2248,44
1540,53
1566,55
3060,59
1680,48
6240,66
4796,47
2668,52
9588,45
1454,46
5234,48
4588,58
6426,38
7824,51
74,54
1226,52
3792,42
8484,51
6468,50
8764,53
588,46
2074,60
8068,54
1106,52
224,47
2678,39
4736,49
7498,56
5690,51
9290,54
1916,43
8258,47
46,58
2946,43
2700,50
8324,60
3546,47
572,48
4142,41
6464,54
5958,49
8920,41
1548,45
3064,53
5710,38
1472,48
3280,52
6128,40
6762,61
3096,59
1102,51
4180,51
8858,47
8820,46
114,52
1502,58
5472,55
9314,50
7382,44
2186,47
6988,50
8046,46
9098,54
9748,57
8824,55
6266,59
3030,51
5030,46
5536,46
9660,56
456,50
4410,48
6326,47
1086,43
686,58
2262,43
1492,49
7778,51
3020,51
4162,51
6406,50
9418,40
5038,54
6106,52
5942,39
7360,47
290,42
6896,53
3716,54
1354,50
9096,49
9258,68
2876,52
818,51
5882,47
8148,45
2720,55
3724,49
9304,48
8152,50
7300,50
4856,49
5608,48
8500,53
2612,48
9046,55
1708,42
9896,50
1170,41
4234,51
2880,55
4174,55
102,43
9576,51
5434,45
8684,46
8916,45
9422,38
4086,46
8600,44
9842,53
6354,55
542,52
6938,46
9444,62
6556,55
9430,50
1720,49
5654,54
9036,51
3614,46
656,46
1002,50
574,55
2348,52
6976,48
7604,52
3014,51
8614,44
66,46
1804,55
138,44
4638,60
3942,53
480,56
6290,51
5250,51
530,50
3124,50
1528,52
3860,48
8940,53
4930,58
1606,51
8440,55
212,51
1866,47
7672,50
6718,46
9820,45
6322,44
7290,51
7520,45
6518,51
3836,46
6780,53
5018,48
1220,56
5140,51
6846,57
1352,45
1242,50
1438,49
4434,53
6834,59
330,45
6826,44
6910,54
7200,55
2734,54
7474,38
9890,49
6884,47
3572,45
676,48
9244,47
6160,49
8518,48
6378,55
2852,50
742,53
3170,51
6398,49
8852,53
194,52
3540,61
4670,46
7694,47
2902,52
6654,49
8014,51
2570,53
7728,48
1130,44
4764,48
9956,54
4896,51
9620,45
9124,52
1824,51
5610,41
4524,54
5860,44
722,53
4246,43
9534,45
7784,58
1270,46
9644,43
2916,49
3154,49
1012,55
1768,48
5468,51
8290,51
8618,44
8496,48
5174,59
8534,50
950,57
6882,54
2308,48
1590,45
7340,57
3992,47
4906,48
5432,46
110,50
3750,59
5524,53
6364,46
9228,53
4330,50
896,54
3070,52
2642,50
8232,44
3714,52
9826,53
6204,50
1638,51
4100,50
218,48
4026,43
7802,49
824,51
4482,50
5120,57
9454,50
56,57
2742,55
920,58
2302,50
2682,47
2878,51
566,53
8308,55
6272,51
7526,50
9596,48
708,52
7018,36
9016,48
2542,41
2416,62
1116,57
3088,37
6100,42
3838,48
9888,53
5980,43
9944,46
3278,54
4270,50
4048,50
8900,46
6656,48
8632,51
6068,49
4584,62
3826,42
3960,46
4232,47
4112,50
4446,43
2994,50
768,51
3034,54
1562,52
6584,55
6048,54
3748,61
3894,52
6914,54
3242,44
3592,46
2986,46
9548,57
440,49
526,57
502,61
1738,53
8670,43
1478,54
856,42
2376,45
5856,50
6172,52
2384,49
3612,49
3728,48
4784,50
1436,58
3968,51
5396,53
7072,54
5868,60
9226,52
5858,54
8084,55
1626,50
2418,55
5066,50
8502,52
4140,46
9692,45
8300,55
7204,55
7490,56
8168,53
8630,48
342,55
864,48
6396,53
9558,53
2888,52
7000,51
9562,47
2740,50
4176,46
6554,62
4272,51
5976,39
8694,49
3256,51
6424,52
4570,58
9426,51
3916,52
538,50
220,52
6746,60
9496,45
4850,50
2476,50
972,49
7752,52
4820,46
710,49
1756,43
690,45
5380,45
2552,56
7606,46
1748,45
9288,51
8932,39
1836,55
3720,46
8124,56
2,46
4138,46
5686,48
7214,46
554,65
6978,57
3844,51
7222,46
8540,55
1278,44
5430,53
5318,48
946,54
8586,53
3120,55
8380,54
2428,46
1512,37
3926,50
5078,53
1554,39
4836,47
9494,45
3596,47
5830,58
716,35
4536,55
1464,53
3290,52
9184,53
8352,51
108,49
7808,50
6014,48
540,51
4114,44
870,50
4958,43
2082,53
7166,51
410,49
4800,48
3582,55
1524,46
7684,40
6232,51
1482,48
2766,53
5846,52
1088,54
8338,41
5836,59
5408,49
2260,45
4708,53
7636,44
2148,54
5540,44
4034,46
5212,49
8092,44
8266,48
6860,53
3580,52
468,43
1312,48
7144,59
5682,60
7342,46
3654,47
7804,48
8634,49
8174,40
5488,42
8610,49
68,51
2556,47
8996,45
5586,42
9164,50
7102,56
8486,46
324,40
4680,54
8372,56
320,45
5538,45
408,48
1036,47
4960,52
5256,55
9546,47
346,50
5022,50
5198,58
7412,50
520,47
8544,54
514,41
390,48
9586,50
8778,54
2214,50
1060,44
5704,45
4438,51
4526,58
5722,58
628,41
9326,37
2854,48
5190,41
7496,47
3054,52
4732,49
6422,54
8574,52
9372,39
6342,40
7716,48
2960,61
9210,53
954,50
3704,50
5032,57
8850,47
4104,46
3672,59
4544,50
3538,37
3772,52
6950,48
9816,50
6430,52
8550,48
1096,45
7556,51
3638,48
4866,51
626,52
2266,56
6634,47
3320,48
5838,49
5678,47
3494,57
2872,38
6154,42
9792,48
1250,52
5266,46
1828,56
9930,57
8720,43
2554,50
5088,47
5500,53
9264,46
524,52
5702,54
2022,53
216,49
9746,51
1636,47
9456,52
4760,48
3816,51
6662,50
8992,50
3126,56
1946,50
8320,57
9272,54
2090,46
2610,57
6224,54
4824,41
6020,45
6576,47
6806,44
6966,59
6942,48
1664,44
2786,48
9786,49
2402,52
3210,53
9554,49
2448,44
3136,51
6208,47
9178,52
8194,47
8514,54
7566,45
9652,43
404,44
7840,48
782,44
4918,49
3560,51
5410,54
8106,52
7348,42
8122,48
6982,53
9174,52
6900,54
310,51
8058,47
6102,52
7744,54
1696,52
1770,52
5208,50
4050,41
7876,46
3512,46
7114,51
5490,42
5220,47
8126,51
9924,48
4908,63
9350,44
9236,46
6890,57
9078,55
7112,51
3454,54
602,48
4874,40
9476,55
4210,49
5766,46
6352,53
8554,57
2660,51
3016,46
6664,53
4470,45
5532,48
1022,48
2952,44
3042,48
3048,52
8604,59
1564,49
4460,49
2736,53
8722,61
730,38
2016,50
2772,51
9268,45
9294,49
9600,53
5400,46
256,42
462,47
2086,46
5290,39
7104,55
7130,56
5518,58
5700,57
4378,56
4726,46
7310,50
6600,52
4066,49
3102,55
8448,52
7304,50
1598,58
8164,60
4462,53
7786,57
8688,51
3978,49
6034,53
8120,45
8288,59
5828,52
6072,59
6672,52
2866,52
2862,52
2028,51
172,51
5452,60
9894,52
2472,58
2184,50
5486,58
3134,50
5238,53
4040,54
1672,51
8672,48
8552,52
7896,43
8478,51
1154,58
8252,46
5906,47
840,58
7106,57
3036,45
9526,56
9374,60
8246,46
9866,50
5670,44
6200,48
6512,56
3410,53
6030,44
8188,48
4372,52
3308,48
54,56
5366,55
7540,43
286,43
5714,41
8270,50
7272,58
1978,54
4244,50
1790,52
6628,46
6918,42
8206,50
8424,43
8884,56
2124,54
2998,44
380,61
132,54
1052,56
8202,52
4110,49
8944,52
2162,49
5210,50
1152,50
5268,50
6320,51
7646,54
7372,44
660,54
4990,40
8606,46
7096,50
5762,51
6888,47
2152,50
6164,44
8402,51
2218,47
3004,47
4428,50
2456,41
4478,65
9732,49
6852,51
8802,56
4522,52
2690,51
7354,54
7994,53
7306,42
4548,51
5072,44
7710,46
3570,50
5376,56
9474,59
8062,49
8834,58
8532,43
9532,49
7500,53
5052,56
6276,45
9612,42
7544,57
4154,59
5944,59
6946,53
9950,45
3138,47
3352,54
598,54
4696,58
2252,49
3098,48
6448,54
6488,47
6924,43
9824,45
356,41
2282,59
8056,47
5436,56
3588,59
3106,41
3630,47
5338,46
9206,52
5912,45
8368,53
2670,55
6362,55
7302,50
7878,54
2006,52
4576,46
1314,51
5584,48
2038,48
1008,51
8086,46
7990,42
8212,53
1652,41
2858,55
926,55
3774,52
1364,49
6460,44
4610,56
2414,55
4058,49
3594,56
4648,48
728,42
2094,55
8450,43
5246,53
4090,50
4000,48
4924,49
6226,54
9338,53
4530,54
6870,48
1284,49
5254,46
3396,55
5590,52
1028,53
1668,52
1872,53
9156,49
6274,52
3640,55
2512,50
2676,48
5968,53
4488,54
6338,46
8918,45
9410,57
8822,42
7448,43
4412,46
6386,60
5224,53
1348,55
2502,53
5226,50
9194,40
186,49
3598,52
5790,48
1254,48
5970,59
1958,53
5470,47
5520,47
1272,41
2226,50
2810,53
3506,49
3428,48
4984,56
5036,53
6170,44
1016,53
2796,44
4710,56
7140,50
7516,60
6114,50
6260,54
1510,45
9158,46
8976,44
9386,47
2784,48
82,46
3486,48
3390,49
4458,49
766,52
8568,56
4218,54
866,49
5378,54
1394,51
7042,52
7964,49
4988,47
6334,49
6380,63
1810,47
3876,59
3204,53
1474,49
472,46
654,49
6874,50
1558,42
414,45
3734,49
2126,45
3952,50
4002,43
546,47
1650,59
1382,43
8302,50
1526,54
4774,49
4466,53
2568,50
4686,45
4886,54
5328,51
3736,48
5402,42
7712,53
9298,45
9630,54
2598,55
5454,41
6250,39
8364,52
8332,58
2240,57
7312,46
3376,52
4572,56
9182,57
5166,55
9934,45
5040,50
2832,59
4426,44
4556,53
32,50
2222,47
1238,43
7202,45
3864,49
4892,61
9938,57
8384,46
9574,55
382,52
1582,54
3288,52
3830,46
7062,53
4268,51
7580,49
5578,57
7724,55
4316,50
1164,47
6740,40
3868,54
7634,41
6958,53
6466,49
7748,57
8874,45
8626,45
2382,54
9884,51
7762,53
1432,56
2776,38
6776,44
2292,52
9996,47
4076,47
1886,47
9010,53
5824,43
5440,42
5316,55
5418,53
3776,48
7088,40
2812,46
9900,51
6702,48
8756,46
1588,55
9798,43
1018,53
1506,56
3160,52
3448,54
9006,50
2268,58
2440,37
4250,56
8942,51
578,52
2232,47
6514,47
908,49
3628,61
4624,54
9344,50
790,47
1712,56
3316,53
2794,56
264,43
3326,59
6690,45
4554,56
8404,46
7244,51
3112,51
9770,46
5668,60
2096,58
1000,48
982,47
1204,57
2978,47
6682,49
4804,46
1798,44
2044,54
7538,59
1846,47
5696,43
6316,34
2652,57
3738,46
6162,44
8768,46
7158,55
6906,54
2574,43
7450,53
9978,50
7644,50
1628,49
4158,55
4946,49
3464,52
7210,43
3100,42
4308,41
2982,44
4486,51
5684,40
680,50
7022,48
3878,49
4676,53
3084,53
6428,57
4202,53
788,48
6214,52
7094,52
9756,53
6238,49
9800,60
1444,50
5104,43
2390,52
7212,49
4472,50
4084,57
2576,45
4024,43
7852,47
5706,51
4934,51
5820,47
8846,50
7952,51
1490,54
2264,53
2504,53
3286,49
6838,55
7730,46
6230,49
8316,54
880,45
5902,54
4922,54
5666,57
9766,52
5340,52
6732,43
8162,52
5848,51
6768,54
9018,51
3558,56
3586,51
522,45

4685,37
9215,61
4551,55
3007,43
7041,47
667,45
1053,50
9831,40
8401,49
2493,44
4399,54
1325,46
3517,45
5593,47
3877,51
7889,55
8577,44
9361,54
3809,49
291,46
1,52
4839,45
3973,54
5295,54
8333,44
9071,49
9913,48
755,49
1813,53
9025,58
2335,53
8715,53
9829,49
1393,54
9029,54
2021,44
5839,48
6097,46
2797,55
3165,44
8755,47
7297,46
2117,52
355,52
9867,49
5713,62
3449,52
7627,55
347,55
6121,58
8589,48
2351,55
2541,52
6987,48
7453,48
3903,47
7757,47
4657,54
2325,50
7945,49
9943,47
6831,53
6613,43
453,53
4225,53
9177,45
1031,56
4425,48
6261,50
7435,57
1377,41
5479,61
1005,45
8439,53
2511,52
1363,32
3351,46
4535,59
7375,56
5727,47
5181,54
9859,47
7189,47
8997,48
8119,56
5863,46
2657,47
8757,47
7581,49
9081,53
2909,41
6051,47
2235,46
4251,50
2239,58
3191,36
7931,49
2787,47
9735,46
83,54
8989,48
4853,55
9795,54
7313,44
735,41
1279,53
1567,52
4951,46
6755,53
7329,51
2439,57
6435,53
3169,49
3963,42
95,52
379,53
1641,60
6833,48
2251,40
8945,55
9961,52
959,52
259,48
759,49
1977,50
4817,56
4163,50
7847,52
5775,53
5935,47
6555,42
961,47
8425,53
1035,45
2867,48
9089,47
4343,51
9289,57
491,47
2205,54
6749,46
4671,45
2555,62
2875,54
417,43
6865,51
7693,46
3957,51
8891,50
359,48
3499,46
685,51
1947,47
8147,52
8189,53
8139,56
8537,44
9387,56
3919,48
3737,48
8409,52
7071,44
8285,47
1431,55
4901,61
1187,51
8041,59
4749,48
8631,43
2175,50
1883,52
5819,47
2819,43
8179,50
483,51
1013,55
2591,53
2017,44
5533,50
5129,56
8433,45
4173,47
4381,43
2613,46
9475,48
3061,50
2837,52
3045,58
2581,50
4903,48
9457,52
5455,54
2281,40
6087,53
9135,47
1369,49
1755,59
601,54
1623,48
2361,54
2653,49
2059,54
4779,44
3067,41
6233,53
123,54
3323,51
4799,46
4663,48
6905,55
4369,49
6911,52
4477,46
4925,47
177,53
8087,50
9511,53
3653,50
6969,59
2507,57
9869,45
9941,57
4913,47
2641,52
4435,40
9237,48
1481,43
4641,49
3533,55
7677,43
7645,51
9799,47
6889,52
3569,56
5497,50
5341,57
6945,52
8169,51
2917,50
219,49
2829,47
8787,56
305,53
5227,55
9035,49
1417,60
3655,41
5073,53
3541,46
671,51
7959,48
7047,51
7229,54
9957,47
9507,62
4637,49
7849,48
4289,53
9561,54
6245,53
1981,47
4305,53
6995,52
587,53
4103,50
7281,49
9533,39
9643,46
1133,50
5249,50
117,51
2297,53
1795,48
245,50
9529,51
3337,52
1205,54
3685,48
5519,45
9569,49
3713,48
163,42
5565,50
5517,50
1117,51
2321,57
2151,47
2497,47
4905,54
7191,41
209,46
3853,41
1123,47
2079,54
5957,57
1911,53
8195,52
5401,46
4949,52
1545,43
1933,59
7271,60
3549,52
635,46
5095,49
4729,50
171,44
6369,40
3137,54
9607,48
2005,45
9641,52
5143,53
3435,47
7195,48
6205,49
2527,53
5499,47
8467,53
679,53
1483,47
1651,42
1207,53
543,49
5753,40
5147,48
6909,48
2629,34
5217,44
8209,50
981,49
4063,57
8011,49
7407,47
9481,43
9615,48
6893,51
299,51
4097,46
6335,47
1769,49
2893,55
3029,52
539,46
3575,45
7461,56
1865,56
5961,61
1139,44
4623,49
1809,52
2425,41
3357,47
6479,60
6039,51
6301,45
8003,47
8841,47
7575,45
6551,49
7393,49
7009,49
1265,48
2053,53
7383,50
8609,43
8321,54
5657,48
1681,53
897,50
4165,46
3539,55
1959,47
2749,52
1365,49
6861,48
6005,53
9613,53
6249,57
4513,54
5171,44
7099,49
7507,51
5719,51
9673,50
2561,42
1919,44
2113,49
6527,41
6783,60
1935,45
4983,61
2245,56
2809,54
633,60
8843,45
5943,54
3105,50
7447,51
9717,55
3785,49
4047,40
2689,52
3183,54
3855,53
7583,55
5043,53
4115,45
5285,48
2137,44
3447,40
435,57
5975,44
1293,57
5025,43
7789,42
8691,51
3511,54
3345,57
4217,48
699,48
3873,51
8083,59
3885,46
6243,45
9037,49
6423,58
1459,43
3013,45
5033,48
9243,45
6781,52
5251,51
3579,41
6677,55
891,54
2679,55
6739,47
8035,50
8947,52
8889,54
9053,50
1079,49
2889,42
6965,52
5691,54
4613,43
5333,47
1209,44
1095,55
3921,43
4559,53
6401,46
805,45
7723,47
3717,53
3257,56
817,42
9991,55
7919,55
4815,51
4499,49
6419,52
4743,57
8507,59
8923,46
767,59
319,53
3931,45
2161,46
1253,48
8657,49
3317,49
9687,51
3053,39
6929,50
1473,52
5445,56
913,50
1771,55
4677,48
5571,45
8677,47
175,56
497,52
9165,48
6923,46
6237,56
3927,54
5809,51
9193,45
6127,58
2295,58
1141,47
6227,53
8447,52
4971,51
5117,49
6887,48
3719,49
4421,54
1495,48
6371,51
8567,53
2907,47
9253,51
8955,47
7285,55
3481,57
2149,49
1899,59
9041,46
8713,62
9185,49
5247,49
7133,43
7483,47
5103,49
2449,37
7005,51
9811,53
6599,49
1153,55
471,44
627,46
9479,59
5635,54
8251,50
7031,56
7253,55
3799,49
5993,59
6615,49
8469,52
9711,52
3283,49
1381,51
1715,45
6119,47
3121,44
391,59
6545,44
4105,54
2447,51
8853,42
9959,47
8393,41
6819,50
3675,47
2301,46
2575,49
349,57
6897,48
7395,53
6429,48
8573,55
5693,53
2883,44
4721,58
9487,52
4309,49
9229,50
45,51
3797,41
5179,41
3151,43
5559,52
6363,43
2095,54
3841,48
8255,56
4649,51
7157,48
9741,50
1457,46
6719,52
9011,46
6639,48
9889,52
9139,53
6477,55
853,51
6323,52
7675,49
1781,41
2509,47
5469,58
7149,50
3955,56
281,51
6675,56
8117,48
4459,50
8233,50
2203,58
1861,50
3035,44
1285,53
4443,46
3707,46
3415,53
1701,46
3933,44
2795,53
1301,57
2453,53
1841,47
7683,48
6877,53
4349,50
1201,51
6239,48
8645,43
3405,47
7051,52
1517,49
5735,46
9201,55
1663,53
4259,43
9633,44
3887,41
5881,53
6775,41
7997,43
3223,49
4977,58
6977,53
6543,51
4567,41
7053,67
2073,46
3371,53
3209,52
3871,47
5003,49
373,50
369,54
5371,53
5591,57
6825,51
5905,50
7117,52
5759,48
7925,51
3837,48
3255,48
3547,52
4645,44
8911,51
4431,43
3325,46
4755,50
7443,41
8769,44
4351,46
2051,47
4457,53
9197,56
4703,48
5429,48
3753,48
2785,49
4801,52
17,54
3577,46
2331,60
3651,55
3015,53
4077,57
4643,59
5909,52
5707,47
9783,52
6505,50
2863,55
8873,56
9133,44
4363,50
1889,53
5731,46
8913,54
77,53
775,61
3683,61
3063,49
7695,58
8257,48
9351,50
7301,51
1971,59
4509,45
7853,42
3693,53
7697,49
4969,45
6397,54
5569,47
9445,52
8949,47
2163,55
3171,41
3385,50
1475,55
5507,55
9125,54
8569,47
6035,52
9409,49
4599,59
6637,53
2857,59
8377,49
1823,50
1801,49
8493,48
1551,44
3807,58
6933,48
1873,47
885,54
1579,54
263,42
2845,53
1477,43
4947,50
5467,39
2879,54
1563,42
3347,40
4751,47
4889,54
4101,42
3527,48
1025,44
3593,42
7907,54
8749,49
3505,50
4633,51
9845,46
4319,54
1671,47
2009,54
8711,48
3891,52
5071,52
7001,54
7487,48
6131,37
9563,49
3665,50
7399,60
9871,50
8851,45
4517,43
8307,41
1709,57
7589,49
5689,56
6135,46
5425,51
847,44
9503,47
9397,50
3695,45
9339,47
3411,51
1693,52
507,47
2271,47
4451,45
181,46
571,48
4619,57
8153,46
9009,51
3243,52
3821,52
3413,50
1585,46
3249,52
5321,50
9423,49
5785,44
3585,50
7207,55
4429,56
8261,49
9531,51
6373,44
4571,53
8739,46
2197,51
6817,54
4993,48
6167,53
7057,51
9745,51
9473,47
937,53
5737,53
6159,46
9981,56
2633,47
5159,48
1171,50
5921,52
4819,51
2441,49
7459,56
9995,47
9385,45
9751,48
3185,49
5659,51
9537,50
279,48
4547,53
5061,57
6049,50
2835,41
7661,46
7291,52
9747,47
8241,45
6277,43
1007,49
3011,48
773,49
7601,62
9249,53
7109,57
1727,46
3057,56
4767,50
3021,43
5501,38
3975,48
2257,51
9333,51
613,48
3553,47
5173,53
4845,51
6017,50
943,49
2429,48
2859,44
9557,45
6601,50
7879,44
763,48
8113,57
3775,53
6139,39
6125,39
6415,46
7417,51
6079,50
8243,50
1233,54
2551,56
8047,58
1653,48
9295,46
2637,47
5313,52
5879,53
3629,42
9163,49
5827,51
7979,57
5647,51
757,58
1023,52
2001,58
3563,44
1737,54
3099,54
1089,42
5903,57
3639,54
6235,54
6769,53
7813,51
2757,57
9497,46
6979,54
7911,51
3087,44
9303,55
9099,62
7087,51
4207,57
3557,60
911,41
2479,40
3261,60
4229,52
2727,44
273,49
4945,47
3327,57
6071,51
9513,55
3187,45
6407,52
4419,39
7187,45
7637,52
4301,60
8907,54
2241,57
6105,49
3645,43
7995,48
9881,54
7893,50
921,42
1183,44
1811,48
3329,52
3881,49
899,51
6381,47
1267,47
1387,53
8159,48
895,57
2505,51
9577,46
4427,47
8647,47
2311,48
1367,42
4669,48
2179,46
8123,43
5873,51
7295,48
361,49
4701,58
5459,55
9447,55
6985,51
1303,56
5029,48
9591,48
9785,49
881,49
609,53
9909,58
4193,51
3181,46
7179,52
8427,48
9337,51
4511,49
641,52
9275,54
1547,42
1685,43
7327,59
1625,52
8343,59
5643,60
4965,60
9471,41
1591,59
4621,49
7663,50
1415,65
7177,57
1449,53
7531,53
4741,57
5399,51
2145,48
9599,53
3625,53
3509,57
9225,51
7623,50
6661,47
1535,44
2877,49
5587,50
5023,53
9375,40
8245,51
2531,46
2209,38
4673,51
8091,49
8661,46
5681,57
8967,51
5609,55
9085,42
8599,54
2751,54
1045,48
2989,45
681,59
9075,45
3277,52
1639,50
6459,49
1695,45
9347,44
8219,55
2981,60
1875,36
3657,43
6393,41
3907,55
2895,51
5917,53
8001,47
9661,45
3523,37
5527,49
7367,47
1969,64
4611,56
1773,50
4865,48
7991,54
9525,55
8719,58
229,49
953,48
783,42
3899,55
4137,47
3297,47
7241,48
8075,37
7217,50
7085,42
1507,63
9191,54
5925,50
8297,58
2651,43
2611,50
5099,56
7167,50
2407,52
5357,51
655,54
4387,55
9061,46
1629,41
5687,58
7465,49
9145,55
6571,45
9003,48
997,45
2085,58
9501,49
9407,52
9571,41
3163,52
7983,53
1397,49
3965,51
167,48
7599,49
3241,48
4635,40
7093,54
5309,48
3765,49
5705,53
3127,52
5223,51
8337,58
5835,50
5885,50
5859,45
9411,45
9297,39
1051,54
5195,46
5831,53
6957,58
2925,51
4455,47
1411,44
2309,49
1539,39
7943,45
2939,56
4187,40
227,53
4689,44
6191,50
1351,56
9713,50
4929,51
7703,60
8521,55
7513,48
4273,55
6143,42
7341,58
669,48
7365,47
2423,48
101,47
8295,46
3637,39
8027,49
7799,56
3833,47
3427,45
2097,46
4563,51
8743,54
9313,47
4999,47
383,47
2489,53
3567,46
4095,52
459,60
6291,55
1327,51
3377,48
4175,56
6405,50
7059,45
1627,46
495,53
8165,55
341,47
1543,40
9149,46
9697,50
4989,52
1323,51
4135,53
4183,55
5119,53
8101,56
8335,57
41,48
409,52
7469,55
6495,54
7523,47
8761,62
2687,54
8481,56
4975,44
9079,45
6525,51
5077,58
7325,58
1395,48
213,49
2521,43
2201,39
9169,49
5915,43
877,63
6189,49
3647,52
2365,46
4737,51
5875,56
1333,45
1975,47
8081,50
9137,49
9559,45
7111,57
7079,51
1263,51
4859,55
5041,50
1223,45
6117,49
407,41
927,56
1751,57
4761,49
2237,44
4013,53
5271,46
8629,46
765,49
4271,49
6801,53
4987,46
2619,54
9543,51
3361,46
133,57
7243,49
7651,53
7319,47
7065,48
4769,47
951,53
3909,45
8319,58
8867,50
2635,48
4615,53
5245,49
1783,49
1655,55
3995,44
4177,52
4747,44
4687,46
5389,52
6101,42
7571,45
3265,51
2253,47
6003,42
3419,51
3677,48
3233,52
7647,49
7999,46
9917,59
1805,49
2465,53
2289,40
3107,54
4019,42
7971,52
6603,50
2681,44
3951,62
1761,45
7433,53
2191,46
7011,54
6839,48
4299,46
7209,48
9945,43
7259,52
8821,48
3455,48
451,50
3751,43
8915,50
5301,48
3589,46
3621,51
2573,50
3875,41
6333,38
9849,54
5929,55
4783,39
1925,44
6547,53
7963,51
1721,48
5537,53
3229,53
2405,50
2869,51
8881,49
195,56
215,52
5539,58
7451,51
4927,48
9049,55
9603,56
6763,48
4355,52
9807,54
2949,51
4939,56
5001,46
3423,61
967,44
8079,53
403,45
6741,46
3303,58
4639,43
8515,51
5111,52
1973,51
815,50
799,52
9499,54
637,47
6583,46
9947,53
8959,46
9063,47
7921,52
4221,42
4445,55
5363,46
8429,46
1029,56
6727,48
8633,57
599,41
2605,49
6645,49
3831,41
6307,44
4357,54
2963,47
2159,52
5563,50
1731,47
3747,52
5037,47
1689,54
1961,51
2487,44
8919,56
7977,59
9771,44
387,54
1125,57
9469,53
5471,42
6413,52
1049,47
8847,43
8199,49
1383,48
127,52
1399,51
3123,54
4269,44
1597,47
6183,49
9483,51
1945,46
827,55
6077,49
251,55
1509,47
9,55
3251,51
2011,57
6743,48
6577,44
651,49
6921,51
7429,52
4745,47
7495,45
1359,56
3031,56
1229,52
7113,41
4591,49
3679,45
7545,53
6829,50
4465,51
6163,50
7639,45
8345,48
7717,49
5393,54
6111,45
4933,56
1843,49
8673,45
2101,53
3845,47
5733,49
6309,50
2649,46
1699,52
4899,47
6867,50
1437,48
869,59
6095,57
3049,58
3761,53
3641,59
3999,45
2147,52
6935,49
4739,46
6561,51
6037,59
2141,51
5551,47
2459,51
499,52
5825,55
6595,64
4553,57
7727,46
3491,48
5629,54
8171,40
8529,52
3863,43
8707,55
6981,47
6701,45
6345,51
9265,47
9545,51
4099,42
8061,52
3017,55
6383,54
7633,48
9223,47
8303,45
5083,51
6213,48
9821,48
7377,43
5437,46
6461,49
5813,51
8277,47
7725,47
9181,49
683,49
4179,54
8701,50
5403,46
5009,42
5351,47
8741,59
8795,52
5949,46
8783,47
2091,51
3749,50
2071,51
6967,45
4247,53
1149,50
7029,52
1065,51
8221,52
4237,47
6329,49
8127,50
4315,51
6281,51
4825,42
8581,51
7701,48
4071,50
7107,47
9213,61
4781,52
1605,42
2067,50
3211,52
4075,55
7791,42
8653,52
1245,55
9157,57
6777,54
1235,44
33,52
23,46
1221,45
1979,54
1659,37
6283,52
3131,57
3515,46
5599,50
3,46
7115,50
9855,51
9431,48
7653,48
3189,49
271,50
1743,46
8175,50
8625,46
2019,47
2107,53
5349,48
9623,46
4757,56
557,52
2959,52
9255,50
4805,45
2291,46
4129,51
121,44
1167,47
1177,50
7491,43
1967,57
3365,41
973,50
2467,51
3867,54
3217,48
2393,48
285,53
843,47
9877,57
1735,47
5265,48
569,54
1185,57
629,47
7763,55
8721,51
5907,47
8005,49
8887,56
1435,44
5075,43
8543,55
9493,54
4463,41
6041,47
1463,49
3595,47
663,52
9453,54
1257,47
2127,49
7891,46
3617,55
9505,49
5895,55
7423,51
4475,47
1151,52
5183,45
4275,46
8361,53
27,46
2435,53
6589,47
2855,46
7063,47
3033,55
4023,48
6275,53
8465,47
9325,49
5791,47
8837,52
257,55
1777,48
3375,54
8885,44
1047,44
5027,41
1581,44
8203,49
4675,55
751,45
5677,58
9695,52
4483,49
6927,50
1503,46
5019,51
6891,45
7343,48
8557,53
71,50
8587,36
9019,56
8931,52
9105,62
8957,45
9285,47
8385,48
729,58
1127,58
311,47
933,47
8391,53
7135,45
9823,54
1923,52
8143,57
7741,44
9573,56
8229,56
1793,53
6083,53
4107,52
9851,48
8009,49
6385,49
1027,55
3311,45
9937,53
5087,49
4683,49
5701,51
9073,51
4489,55
9189,52
3205,54
6033,45
6255,54
2943,49
7681,62
1307,56
4659,40
4593,48
5199,48
59,47
9857,51
2299,46
4731,47
4539,41
5585,39
6631,40
411,47
3129,51
1315,42
4067,45
7067,51
7463,51
8863,56
8793,55
1611,46
7981,49
8987,52
8753,53
1541,51
6075,46
9597,54
6785,51
31,43
841,60
4215,49
7719,49
3619,52
661,52
9701,48
8733,52
1937,49
7819,50
6093,54
647,44
29,53
6009,51
2375,57
2759,53
7257,46
4249,51
8509,57
161,46
1817,48
8773,50
2523,48
1879,49
1101,46
963,49
9465,52
6199,52
7283,42
6007,48
313,53
2499,41
5215,46
7323,53
9657,45
3687,54
9317,47
2473,44
2169,48
7937,46
1129,58
8455,48
519,42
6259,54
337,44
7713,46
8685,49
5923,45
1529,55
9261,39
3309,51
2585,47
3663,49
8231,53
3221,46
6099,42
5849,50
7185,47
371,50
3803,41
5989,44
3609,40
9115,57
6297,47
1269,45
6487,61
5449,52
6197,46
2773,46
3897,57
2667,45
4519,52
6707,43
7305,47
8835,51
8683,52
575,52
3943,39
6437,52
1057,49
9127,39
8211,60
1767,54
7597,53
9725,52
5939,51
8007,52
9575,47
4267,59
2445,47
1371,63
5343,46
5431,58
65,53
865,51
35,36
4361,49
5039,49
5543,45
1349,52
9381,53
9639,53
7337,48
1341,56
2171,44
7371,51
6533,44
5941,55
1197,54
339,48
5523,44
5747,44
3407,48
6539,46
5397,43
4665,51
1705,53
8213,47
253,52
1173,54
1897,48
5281,55
4609,40
2813,54
7249,54
7239,54
2477,60
1497,53
1747,42
7825,42
4603,54
3745,52
7743,49
7885,56
2663,50
2947,52
6317,52
5633,49
1577,58
7953,52
5355,46
9689,48
9965,45
3115,54
1019,57
9727,55
1617,58
5963,49
2379,46
8619,54
8341,62
1819,46
3813,49
9765,48
5369,54
87,42
287,48
5493,54
5423,45
2243,50
455,59
1215,52
9907,54
2139,52
3883,50
9935,49
4147,50
691,55
2779,53
7077,47
2153,45
3335,53
607,51
2105,42
7585,41
2765,50
8939,45
2553,54
901,59
8373,46
7457,47
7525,41
8227,54
7293,45
5231,60
7643,44
4533,50
7493,42
5615,42
9683,59
8317,52
1331,59
5261,45
5953,56
5997,56
6267,48
6697,51
7565,45
2007,59
7821,49
2277,59
8583,44
4263,51
6515,47
61,45
7445,53
6313,50
9667,54
747,56
6903,52
3947,47
8775,64
97,48
6753,52
9797,53
3689,49
4581,46
9299,46
3627,54
9391,55
803,49
8549,52
2903,44
3003,56
3483,47
6491,54
7671,46
7903,52
5663,55
9891,50
5749,45
7761,46
9405,56
8157,45
2771,54
3671,53
6771,48
4119,47
979,53
7667,34
3691,49
5451,45
8223,64
8833,52
5513,49
6343,52
7759,46
1921,51
2313,60
9043,59
7605,35
5439,44
7767,44
4797,46
1645,43
5237,45
7935,56
2389,55
8709,52
1355,48
3433,49
6471,45
3465,40
3389,60
4679,51
5865,46
303,37
4359,47
1329,57
1073,52
201,58
703,48
4297,57
4283,58
2715,56
3023,48
7947,54
6085,55
7615,47
3409,50
2371,39
2231,42
3935,53
4601,46
6155,43
7749,56
2931,45
4169,46
1601,51
2471,55
8551,53
781,50
7061,54
8511,51
6951,43
8665,55
719,52
2973,58
5787,59
8679,50
9287,53
2659,43
6273,39
5619,42
7873,43
255,50
2853,57
3839,44
8671,51
1261,42
7775,43
9675,54
5577,44
5141,48
5531,51
515,56
7923,54
7609,47
731,48
6875,46
7989,48
9233,45
4849,53
2337,51
5583,48
2617,43
7729,45
8419,43
8789,55
6651,49
6395,54
2061,47
3111,49
2685,53
4691,46
7347,50
5671,56
5337,43
1241,49
81,56
8065,44
5867,54
9167,43
4877,41
7933,53
2805,44
4447,59
2597,51
3771,56
5373,49
7753,42
8193,45
8239,53
427,61
5981,53
8547,46
8737,48
7817,53
9307,52
8545,52
2911,56
8899,49
1615,49
1059,50
1829,56
7733,55
3289,43
3741,50
8275,60
1195,47
5699,51
8069,52
5573,50
9517,49
2421,48
1901,42
1317,49
2403,51
7345,44
4377,54
9837,55
4243,57
5797,54
187,44
7197,50
1433,54
1903,43
9929,43
8869,54
9581,52
4353,49
3953,51
6787,55
5151,45
2155,48
7255,51
8351,45
8015,54
7277,44
4627,53
73,48
9861,49
665,45
8611,53
5927,53
7547,52
237,54
2735,51
6835,50
7687,49
143,43
595,49
579,49
5131,55
8057,49
7361,54
2563,58
8407,48
389,56
8323,49
9231,54
6157,43
3603,49
7441,54
4493,48
5289,48
5823,47
2991,56
8735,63
2953,53
7479,49
7089,48
7137,44
9843,33
5091,44
2545,49
5557,56
5945,46
437,47
2565,46
2905,53
2753,54
2173,46
8043,50
7929,48
4055,50
7145,54
3777,49
3587,51
89,50
2729,46
4607,46
4891,48
7387,49
241,53
597,50
8483,56
8875,49
3101,53
481,52
1951,46
2491,47
4543,42
9763,52
7215,46
7169,54
8055,49
8503,38
277,56
1447,50
6567,53
4393,47
737,52
333,57
1775,42
7689,47
6257,56
845,49
1931,44
2221,51
2755,56
8935,47
6359,48
4617,52
8525,46
561,54
3157,52
2093,47
1559,53
5257,40
7437,44
1707,52
2999,46
2723,49
5515,42
3399,49
2275,52
9703,42
9103,46
5977,57
867,48
2725,57
3175,51
7657,55
2935,52
2741,45
8411,58
5057,43
3219,49
7739,51
1111,49
1939,59
7075,52
3759,52
7007,44
7797,56
8389,45
7175,47
7829,52
7881,48
4917,51
1343,47
4439,49
385,52
1913,56
4497,57
4771,48
2345,52
8025,50
3363,48
2645,42
9171,46
3403,44
8697,40
4699,52
6703,43
1493,51
6659,49
8829,49
6433,51
7795,49
9485,46
1385,53
301,53
4379,52
2099,52
7091,46
7561,54
1657,41
4279,55
4827,53
9737,45
3601,49
995,50
1115,51
7221,38
4997,42
4323,44
3769,52
4785,40
7773,45
3065,47
7471,53
6247,55
3815,53
4875,42
9939,48
5627,51
2357,43
2273,53
7621,51
749,52
6559,43
6915,58
5477,48
9439,47
5127,59
5745,50
5395,43
1421,52
7125,44
7317,55
9441,53
1211,55
8617,55
3781,52
9421,46
5287,53
1741,55
4695,43
9775,43
7095,54
2013,53
7309,40
37,52
9629,50
185,50
8695,55
3271,55
6203,48
4981,44
8941,49
4549,53
4811,52
203,53
9875,51
5323,43
5121,43
2921,58
6043,57
6961,46
2823,60
4151,62
9051,47
2063,54
2419,47
7389,44
8745,49
7895,54
7517,47
3723,48
1839,49
2969,62
3565,57
5303,54
7427,40
3711,51
3729,55
113,44
1779,51
7699,46
2225,61
3905,51
9583,46
4325,52
4329,46
5327,58
5093,53
7359,46
4583,56
5485,47
9277,43
8215,51
4527,54
6795,47
5495,47
7153,50
7569,46
9467,40
6507,43
8191,44
6123,45
7415,47
1519,52
8995,46
4515,50
3915,47
4331,45
4453,56
5377,49
3247,49
5783,59
551,42
6073,55
6055,52
191,54
793,52
4795,54
2965,54
57,53
5411,53
6365,57
4895,41
6949,49
7543,55
1295,54
8183,49
2469,47
9779,48
4321,50
3313,51
8779,46
5415,57
6299,46
9203,54
1193,44
7237,41
9417,58
2341,51
2625,43
5887,51
7131,48
2799,51
3987,59
115,52
4861,52
7225,53
1599,47
4873,55
5219,51
717,55
1161,45
8355,48
1941,51
6643,54
3489,52
4227,52
6765,43
7265,49
8053,43
823,54
8765,50
4503,54
5051,48
2849,38
8591,49
889,59
7567,49
2125,52
317,56
813,50
9367,50
4923,55
221,51
6449,59
6133,48
8435,47
8437,50
6493,59
2535,47
9455,51
6467,49
4277,49
1401,43
7335,53
4717,44
917,52
9283,51
9671,48
1621,48
2355,53
5045,56
9259,40
8655,44
4707,45
1067,47
593,57
4073,56
2077,56
2075,46
3959,51
8471,60
4631,50
6485,52
3075,46
4265,53
2157,60
105,51
1451,49
9415,50
157,38
9949,54
6403,51
9101,50
3607,43
625,42
5367,54
6443,54
5771,49
1403,51
4833,51
7939,51
2589,49
6575,44
9753,48
8961,48
4693,53
1083,49
4157,46
5297,48
9059,48
9955,49
7721,53
9693,58
9015,46
1963,55
3059,55
9111,47
5803,41
9323,54
9759,54
9045,52
1895,53
9205,54
9841,53
4003,45
7649,43
837,45
1667,49
9353,57
1589,47
4375,50
395,46
2431,48
4461,49
3307,56
1675,52
617,44
9393,51
1213,50
6901,36
9147,51
9539,47
6513,48
6339,53
3117,55
1313,52
8085,47
1309,53
5821,50
789,51
3545,56
7535,53
6169,51
8877,50
9953,48
8103,44
9419,46
3485,49
1719,44
323,50
7069,54
6029,45
9773,54
8397,56
1647,55
5191,53
1633,54
9853,51
6853,48
205,40
1275,55
8013,42
1929,49
7033,42
8895,52
4335,54
1391,45
8367,48
7731,48
7045,45
1001,53
2821,54
47,51
7777,54
6327,47
7883,52
989,42
4837,46
6885,55
5305,46
207,48
3941,47
9395,57
521,55
8267,54
8379,59
991,53
5777,47
9383,51
377,60
7869,56
9429,48
4719,48
5847,51
9477,48
2353,47
2967,40
155,51
3525,46
6031,52
6761,52
7559,49
6535,47
8357,51
1687,39
4823,44
5695,43
8339,53
4159,44
3155,45
8565,48
3197,58
4733,56
6573,44
8315,50
7785,54
8077,43
5133,54
8405,40
4401,50
3339,43
7707,51
4233,48
7081,52
8121,48
931,49
5081,55
7533,43
7591,50
7665,44
6229,48
1419,50
3949,55
6593,48
6827,43
4667,47
4411,45
8727,57
5893,48
9647,51
6737,57
1717,52
801,41
3139,48
131,52
5229,52
8953,56
6605,65
7613,53
8031,50
4089,51
7397,58
7409,46
293,52
93,43
3789,46
5243,51
3611,50
8089,47
5869,51
5653,50
7845,52
8505,53
6693,53
8799,48
9357,49
3487,55
7425,36
7321,47
8929,49
6207,47
4481,54
4043,57
4763,52
3161,47
2387,53
7603,40
7771,52
1075,49
7165,54
7213,58
1297,54
2721,43
79,49
3513,41
6151,48
5047,50
8725,47
603,51
4577,53
541,48
1749,43
7833,48
3835,51
741,49
8291,44
5123,44
9027,42
5601,50
2615,52
7553,55
5385,40
1017,50
3109,43
9413,53
5889,46
7035,54
7315,51
9305,58
9495,43
6851,53
6457,51
5877,54
423,51
4735,48
4727,45
9549,42
1289,55
831,54
1225,54
2135,51
9921,52
5273,50
8325,43
6815,52
8049,59
2133,56
8905,41
8531,45
4037,44
3901,46
987,56
6591,48
3457,50
2293,52
5329,51
8443,44
9553,58
8603,48
7,54
9005,41
2187,54
4829,48
675,48
4555,58
1319,54
1405,54
5725,47
695,54
6531,50
5721,45
5055,56
6881,48
2961,40
8571,51
2669,49
1407,52
8217,51
1373,52
6149,50
2683,41
4661,49
8353,59
2415,51
7735,51
1155,53
1565,52
6847,41
3293,51
2279,41
9091,44
791,53
3497,54
1555,55
2247,39
8969,55
7967,46
9651,63
3703,53
269,45
6337,45
7083,48
9309,51
9435,53
9301,54
4915,41
7439,46
7691,46
1157,49
5079,51
8901,51
9927,44
6541,55
1175,48
8539,53
9819,45
7951,52
393,48
8473,52
5161,57
8861,48
9211,59
8365,58
1109,45
7521,47
4625,58
8499,51
7801,48
1243,50
7573,54
7751,43
5781,52
6321,52
6837,49
935,49
5553,52
2515,49
4061,45
7715,49
197,50
7043,46
7787,46
2985,45
4253,52
4725,54
8037,46
7273,51
9451,49
4791,50
7975,46
8479,36
4525,42
4025,48
6387,57
1413,49
1987,51
6751,46
727,53
4585,47
8731,48
4153,51
7039,51
3997,50
9987,56
9631,52
4449,56
7307,42
5065,45
5339,57
173,57
821,47
1181,53
3051,50
8857,45
7537,44
3971,50
9777,49
2891,40
4541,49
5987,47
1135,45
4909,45
6409,58
159,47
3133,53
5959,56
5017,53
2367,62
5487,54
8517,56
857,48
3529,51
2451,49
6451,52
7311,53
6349,47
2571,52
9739,53
4807,44
2513,50
3519,57
2023,64
6241,49
3783,50
3811,46
7421,42
2661,54
9359,57
2103,49
5435,52
8423,59
559,41
1799,53
7841,47
9723,58
3073,43
5443,48
2801,50
3083,54
5743,40
3879,46
573,58
487,49
4005,48
517,56
129,48
1271,55
4697,50
5283,47
9427,48
5967,47
9707,47
7843,49
5331,44
3207,54
4285,53
5325,51
5755,47
4705,53
2739,59
3983,57
6975,48
4973,51
399,58
6063,50
2121,39
8559,50
8839,54
2183,46
8463,49
1603,56
8607,50
9781,56
7501,46
1231,48
6061,55
5805,66
6279,45
4085,43
9731,48
5851,45
2671,50
977,48
9977,51
8475,49
5015,54
5379,48
7485,56
217,61
4597,42
8497,52
139,58
8371,50
9327,48
6231,50
9121,55
3095,53
4327,39
6869,52
533,50
1003,49
8289,50
4161,56
2697,52
4205,64
4403,54
6907,50
3743,56
6425,45
4125,46
9155,49
1759,47
165,50
6667,43
2717,47
3793,53
3823,53
4231,50
8151,48
4821,51
6455,48
7927,54
8623,62
3857,43
2123,41
8269,52
9989,54
5631,53
3493,46
1227,52
1573,47
4049,55
7629,58
1011,51
5655,50
8767,47
7019,56
3039,59
7349,50
8399,51
9331,51
1163,54
2111,51
5359,49
7481,53
975,58
5253,50
8485,53
5611,51
3445,62
4759,54
8161,54
5421,59
7917,54
3535,56
441,42
6663,39
8093,47
401,41
6983,46
2043,62
3321,43
2185,59
9161,51
8681,54
9595,51
1443,40
7183,46
3571,48
7227,44
2701,51
2923,52
1691,47
2673,46
1791,61
2539,52
2481,47
2885,50
6483,44
8825,51
1511,50
1569,46
8023,57
5857,49
9349,56
8751,54
461,43
879,57
9363,47
2537,49
4647,50
7539,49
8185,54
8135,55
7783,54
9931,47
151,49
9895,50
1821,43
5153,53
6057,47
5213,47
5021,53
6617,56
9123,45
6939,50
2055,48
8883,50
1375,47
4341,47
639,49
6689,47
6759,39
9791,57
2047,50
5919,54
8943,44
8675,49
9839,44
743,49
6621,52
1785,45
4367,56
6823,52
969,48
1389,46
1915,48
6045,49
199,50
145,44
1549,55
583,51
9905,48
6177,51
7709,49
4521,41
7887,45
8381,49
2343,54
709,50
6145,49
4569,57
25,54
2789,48
9491,49
3847,50
5233,52
6811,47
6947,48
7837,53
5837,56
8107,49
833,51
6713,56
7139,53
7223,47
7245,51
2839,52
7673,53
8689,45
7503,54
3077,64
993,59
1643,44
3631,54
2167,45
431,44
6807,51
1713,48
9887,48
8417,49
8763,48
1487,54
475,62
4167,58
9153,47
1259,50
7823,43
2533,51
4777,51
6691,49
4079,49
9279,56
2259,42
8893,45
5763,54
5211,50
8977,56
6879,50
549,51
939,63
4765,49
9241,51
3573,55
8019,53
445,56
9619,47
9681,54
1953,47
7877,52
5665,56
2417,47
2557,41
2475,46
4365,49
8635,51
5241,46
4855,50
6773,53
9541,48
9645,44
4219,52
8771,51
8523,40
5757,55
1815,45
753,50
2207,60
2329,39
4257,39
7871,52
9113,58
7173,59
4575,48
6011,44
1521,55
9979,54
6581,52
2971,53
1803,54
9825,48
2941,48
3779,46
1191,52
6399,48
4885,41
493,50
1637,52
1753,50
1827,52
4573,45
5427,55
3531,55
5897,49
5603,48
7155,47
7563,52
1147,39
2199,52
893,46
2901,50
5899,51
5197,55
8363,49
8849,54
8501,49
3315,51
1527,51
4145,54
4407,45
6181,57
9637,59
3215,47
5581,46
1501,50
8533,46
5605,47
9911,49
1957,52
2027,51
1871,56
2691,46
6793,51
9835,41
659,56
5277,52
861,55
8071,49
5453,53
447,50
3319,58
6991,47
2427,55
5175,51
6711,50
6269,42
1989,53
3353,51
6319,48
3893,55
2119,58
5697,44
9519,51
367,47
331,56
6717,51
6649,43
7865,51
6953,44
4595,51
5269,44
7369,46
1575,57
283,58
429,48
4255,50
3985,48
9039,47
7123,43
6015,46
2693,51
8287,57
2035,44
1583,53
1467,53
3725,50
9743,54
1199,48
5509,43
2195,45
5353,42
851,61
6943,45
1425,46
3659,53
9463,50
8017,55
6509,50
9997,52
9335,53
3981,54
9403,54
787,54
9699,54
547,52
4031,59
701,44
363,58
6265,44
8249,45
645,51
4033,48
4809,45
3259,43
4831,56
9527,39
5951,49
419,48
345,52
711,52
3341,52
6215,61
5139,44
6439,36
2143,53
9345,51
8909,49
1219,49
6251,51
6537,63
5225,48
1833,45
4557,51
6789,50
771,52
4495,46
8487,49
6185,48
8641,62
9611,49
3705,46
8445,49
1997,47
849,55
3043,47
1055,43
2627,42
5703,53
3145,50
8777,46
2781,52
6103,51
4857,45
6993,54
7779,54
7811,50
8459,48
3555,47
8831,54
2767,51
351,41
589,56
1353,58
3429,51
469,48
2827,50
6193,51
3911,52
4081,55
3543,44
4789,50
8717,48
4241,56
2025,55
2763,50
7151,59
8495,47
7769,60
4589,49
8791,55
8451,59
1037,52
9267,46
3441,36
3767,50
9757,49
3923,47
3889,41
4235,53
6305,60
6475,43
907,48
1379,50
193,48
4091,60
2383,54
5709,42
4293,44
2733,56
513,51
5767,45
6271,49
707,42
7655,47
4223,50
8993,49
4523,50
2871,56
2433,47
3305,56
2881,50
3019,50
6757,47
7993,49
449,50
4245,52
8431,47
2411,52
5063,55
4415,40
2109,55
3263,45
9679,43
6669,55
8747,47
4389,44
2703,45
3991,47
5685,48
7073,47
8403,57
9365,53
7863,54
5765,53
5187,69
6481,44
2041,47
1203,61
4921,62
6925,46
9461,46
643,48
5113,57
1729,51
9033,46
9239,58
2731,45
53,57
9227,36
3501,46
9659,46
3521,43
1789,43
6375,40
5853,58
8973,50
7097,60
3401,45
5861,54
9159,52
6963,58
8045,43
3819,51
6223,43
6107,43
69,49
1081,51
8585,45
4851,55
5235,51
2265,44
91,49
4881,51
4961,46
4109,51
4139,38
6735,47
5621,50
119,50
2707,48
3463,50
6263,46
511,48
3989,52
8859,54
8605,43
5209,52
5623,47
1867,48
477,59
7855,45
8205,44
1121,50
883,44
8729,50
653,48
925,46
5491,50
1291,57
6517,45
2057,54
3173,56
4141,48
6813,49
2777,47
4117,46
4385,50
6165,53
2609,55
6809,50
523,43
7965,55
5461,57
3079,47
5567,40
999,53
9269,51
1607,44
2519,44
4953,50
9183,51
4127,56
6715,42
839,58
3599,50
5069,54
1063,49
1091,54
7711,45
9609,57
3801,49
1619,56
3925,52
5779,47
9117,52
4057,46
6855,48
4911,53
1863,48
2945,52
6391,57
295,51
1877,45
4423,50
335,48
9449,48
6253,46
8649,56
3135,54
7405,52
2115,49
6175,54
9879,52
8383,48
2181,54
7381,47
7803,42
4029,60
6331,54
3275,56
8173,55
297,52
4931,58
723,59
3859,65
6351,51
529,51
7203,52
7515,45
7875,56
1239,50
5335,47
235,48
909,52
1471,60
2303,59
4171,58
4111,57
3479,44
5845,51
5841,53
9971,53
247,49
2979,51
4501,49
4813,57
3673,50
9983,40
9903,44
5413,45
9399,50
7973,45
9817,49
1441,53
6579,48
6447,54
3359,52
3967,50
1669,47
1061,51
8489,55
9195,43
2377,45
3715,49
3291,48
4587,51
5673,46
697,49
945,54
7685,45
6465,50
7793,52
2131,49
3727,58
9425,56
2385,49
1893,55
6187,56
8235,46
2793,45
9621,43
3597,48
8293,53
7385,53
8097,47
565,51
2037,46
3149,42
3037,55
5035,51
3369,50
6999,51
2083,51
5995,56
3269,48
4045,47
3945,46
4059,49
5291,55
4339,53
4491,50
2593,47
4479,46
137,45
5149,51
8937,49
6367,51
6919,49
231,44
3119,48
3439,55
3551,41
7235,51
6917,51
2269,51
9221,47
2825,55
9769,51
5793,51
149,53
3125,48
4123,50
3473,54
6325,54
8313,60
7103,49
5115,49
1087,52
4039,47
6767,47
9437,49
1679,42
5729,59
2559,52
3735,50
3697,44
109,48
3425,54
5319,48
6883,56
15,53
2391,55
9863,52
8039,56
2255,52
903,53
4191,49
1983,53
4441,52
6067,52
4713,55
3081,49
5541,43
7455,49
4507,48
8871,46
6849,47
1489,54
8879,51
9885,46
9077,54
6683,50
9969,54
9923,50
223,49
3471,50
7267,50
7027,44
9655,58
9023,48
6779,52
2347,47
5667,49
1649,57
8845,45
6597,56
153,57
807,40
6845,50
3917,61
289,50
9767,50
9515,44
7941,50
5155,53
1787,47
2927,52
8095,53
3961,43
9901,56
3093,46
3239,57
1299,52
4433,58
5419,57
6293,54
2919,53
8981,39
7529,45
2065,44
5105,47
8663,43
2977,52
4027,44
3507,37
7549,54
6059,47
7477,53
8073,50
7401,43
2861,53
9509,57
8535,55
3739,53
4545,52
6959,45
2887,52
2359,49
971,47
6473,59
261,53
7303,51
7587,62
6089,53
1485,59
2455,47
5165,46
5971,53
1491,49
4311,58
6841,49
9489,43
7379,53
8033,58
8669,47
1965,56
8327,57
7141,47
4383,51
1613,46
2283,41
4793,46
6529,46
8347,41
3829,43
1251,45
3667,57
425,55
4485,54
6619,42
7955,53
1991,41
4847,58
8563,44
3773,41
9605,55
7269,51
1039,54
2525,49
1571,51
325,47
8865,47
2743,47
4505,42
4529,50
9523,53
5011,40
5473,43
4051,45
7861,44
9627,47
1021,50
1455,53
6705,49
3397,51
179,53
7403,44
2483,41
5205,53
3681,52
983,47
9649,55
2233,61
949,48
1955,42
4155,52
3459,50
1917,46
7987,45
8145,56
3235,51
1041,40
5855,58
8785,56
8627,55
8659,47
9715,51
1703,45
7831,51
4709,43
1423,51
1887,48
687,57
7431,47
9733,55
5773,58
8421,49
6463,52
9199,42
485,48
7835,46
4203,42
6931,50
9373,43
2831,47
9219,54
2933,44
8805,45
7373,47
9443,56
1105,42
4867,50
233,40
1249,48
1985,43
6153,53
537,47
6411,61
9985,45
3355,47
5407,48
3333,45
6623,44
6685,52
8141,44
5031,52
8639,48
9151,54
3787,44
6733,51
4893,50
5817,44
3605,47
8643,51
5279,41
147,52
315,54
1831,52
4337,50
5067,45
8265,53
4775,42
9013,52
1907,47
7023,48
1445,49
6695,52
11,33
1661,45
5891,58
8809,51
9755,49
3791,45
4069,49
7287,55
9567,54
6955,50
9187,55
4065,51
7299,57
4281,36
443,51
5969,51
8723,53
5145,54
4605,45
3383,47
7025,53
4871,47
1255,49
2305,50
4287,45
9217,43
3661,53
21,51
321,47
577,43
715,56
5641,53
7015,44
8527,48
2323,56
3467,43
2397,50
6065,59
6311,49
2081,50
5973,38
6989,46
9589,37
3869,47
489,50
5965,52
5135,55
7489,47
2517,47
3391,54
6803,46
6303,53
6287,53
4711,53
1165,42
9893,52
1677,46
2747,47
855,46
1851,52
929,52
2929,55
4007,51
3195,49
1099,48
4937,53
7809,46
8177,54
8985,44
2709,45
1505,43
2987,49
5481,43
1635,45
2587,47
3537,42
375,48
3177,47
3495,53
6501,47
4773,44
835,50
8115,50
6709,47
275,49
8359,53
4211,49
9551,52
2897,44
2263,50
8453,61
5307,47
6211,51
919,61
1825,47
9007,52
2413,46
3253,54
4897,46
6565,49
2865,50
6587,50
3623,50
5871,56
3461,44
6221,53
9601,54
467,48
4333,45
3805,50
397,44
3709,51
5293,49
1107,55
1949,49
631,51
3969,51
3451,45
863,51
4197,56
4371,51
9663,42
4201,47
5595,51
7013,50
9095,55
5795,56
6859,48
501,58
3071,42
6797,45
9107,47
4537,55
6973,51
6357,43
6585,38
1531,50
3825,49
2193,47
5053,47
267,57
8331,41
8979,44
327,47
6747,53
5007,55
6941,43
3379,48
3201,52
7905,51
9593,55
7017,42
5525,46
1337,50
2529,50
415,45
8595,52
6521,63
9257,42
5365,55
1673,43
9897,48
7021,47
3417,49
1891,54
1849,57
103,53
4985,44
5911,50
9665,46
9281,43
6341,55
6417,53
7899,60
905,51
2069,45
6497,57
343,54
8225,53
5207,50
2713,53
7101,49
2495,48
7251,50
1853,58
2213,50
3025,49
3285,47
5789,42
7475,51
3287,56
7839,49
1537,53
5751,49
7827,46
1287,54
5711,51
4879,54
5299,49
5347,50
9341,42
1321,49
8815,49
1347,53
2975,43
5167,46
2031,52
1697,46
923,49
2363,49
5049,44
2461,47
51,51
5107,55
3199,40
567,52
2463,50
4629,53
421,61
5669,45
1733,49
5815,49
6745,52
1009,55
7419,52
689,47
6799,47
1077,52
555,46
5985,51
2409,51
7003,52
2737,54
9579,45
6179,52
7049,56
965,43
7805,51
4053,46
5441,45
829,46
3281,52
5991,48
8369,56
3755,52
8519,42
3373,45
9389,46
3993,36
5579,50
7193,57
3733,44
4213,56
8579,53
249,51
6843,37
9273,50
9329,53
5947,46
8897,51
8925,55
7641,47
7275,50
1561,50
733,53
2579,51
7333,48
6687,48
39,56
3331,55
7913,51
9521,55
769,51
2327,48
2033,40
1905,49
4803,40
7961,54
3113,57
7509,51
7263,44
4295,50
8491,42
9813,55
6913,53
7163,48
8273,58
957,47
1723,51
3437,46
8131,58
5089,49
2791,49
211,52
3055,44
3475,57
4469,50
9547,46
7161,53
8281,52
1609,53
2851,42
5801,53
509,44
721,50
2665,45
8963,48
9291,57
1015,46
3009,47
6027,54
985,40
4239,60
5807,56
7745,51
677,49
3559,50
2315,51
3979,57
8781,50
8109,49
8975,47
6441,53
9899,41
3477,61
2937,56
4345,53
809,47
5311,46
2631,54
3273,53
9047,57
5185,50
9685,55
5937,45
1533,60
4397,48
6871,36
5717,54
7127,58
1145,57
5617,48
6053,49
8513,52
2485,49
1033,49
591,55
5125,51
9809,47
8819,49
5999,48
1943,52
2503,49
3167,52
2899,52
9653,41
8279,53
3097,49
3147,49
9833,49
6315,44
9951,52
6671,48
4531,55
5715,49
4391,55
8137,53
3381,48
8951,45
1909,51
2811,53
4437,56
6557,51
8395,51
4863,52
3977,49
2319,46
779,52
1345,40
4887,44
585,53
3103,51
5405,42
9677,42
6421,60
9369,51
4957,58
8803,57
479,56
1837,55
5259,48
8029,51
9729,52
5255,45
5761,57
5955,59
6147,50
8693,52
5505,51
3635,51
2761,43
457,53
615,45
3929,52
6899,56
4471,61
6895,57
5535,50
1857,51
2577,48
2229,48
3731,46
9067,56
5409,38
4995,51
5263,58
5613,53
7595,50
2705,49
9691,45
353,51
6081,54
8063,57
3225,48
2129,42
5843,58
2873,49
7737,44
6209,46
8637,50
8305,49
941,40
5157,58
9129,60
2215,50
2655,48
9355,55
1999,49
7351,54
1281,44
3279,58
3817,53
4131,51
6699,44
2217,52
1461,51
7755,54
4313,41
673,55
8329,51
5529,49
6629,51
9617,45
4185,47
6499,50
8201,44
8651,46
8259,52
169,45
9343,46
1587,52
9749,48
545,49
9975,49
9787,54
1189,59
7339,51
6225,48
8541,52
825,48
4009,51
6201,54
3143,54
1499,48
6723,57
1479,49
871,47
6013,45
7331,50
7527,51
5,54
13,48
3649,46
9705,49
4015,52
4017,52
5913,50
7857,60
3913,53
2349,51
5375,44
75,53
5361,53
7747,54
6633,49
7969,46
3179,43
7781,54
1465,51
2373,52
7867,52
9247,40
9293,42
9319,48
6971,50
4303,44
1335,48
2501,51
5555,60
8811,51
9535,50
4133,54
3027,49
5679,52
6355,49
5683,54
9371,44
4681,56
2621,43
1513,59
1595,46
4467,37
9179,50
6137,54
3193,51
7807,54
9251,51
9401,44
9587,50
2165,53
3633,57
777,50
1143,48
2317,40
4715,47
4991,44
1137,48
1757,51
3393,41
6569,50
1711,49
365,48
6431,53
1859,46
8021,49
6607,52
7669,46
3395,51
5417,56
5463,46
2227,53
7619,58
6641,51
7915,50
9873,54
8801,49
9555,47
795,45
2677,45
307,43
2643,50
6627,48
2957,59
7631,41
1523,53
7467,47
9709,39
6609,51
9993,57
9847,44
9311,52
9565,48
1995,50
4843,52
4869,53
623,43
6523,51
5457,50
1807,57
6857,52
535,41
1739,57
7519,46
605,52
2049,44
6673,46
2261,40
5625,47
7985,49
4959,55
3795,54
9173,48
6453,46
8111,45
6129,53
1097,50
8167,56
8561,57
1885,53
6503,47
7815,54
2219,49
4565,45
6113,50
6937,53
1409,61
6519,56
5637,58
3937,50
4405,50
5931,38
621,50
3721,55
4787,50
3583,45
5275,48
9315,49
3701,57
2607,52
5979,41
5163,50
1069,46
3581,51
6725,53
6997,43
9143,49
7957,45
5933,52
8703,56
1553,45
2843,53
6657,50
9109,48
381,57
3421,48
1217,54
3591,53
9057,54
1311,54
2339,44
3231,50
649,47
5387,47
6563,50
2089,48
6469,50
6655,41
505,55
581,49
4209,52
1427,46
5169,56
3001,62
7231,58
7901,49
915,51
1159,55
553,45
2675,48
4083,50
2333,53
4291,56
6549,56
7143,45
8237,58
8613,55
6047,50
243,54
3367,42
329,48
7497,52
5465,57
8555,53
8247,51
9175,48
9021,44
9379,61
2015,53
5383,55
9235,44
3343,59
7659,44
8299,46
2915,49
4347,51
1453,52
3245,48
8207,50
2599,47
8827,54
8181,38
7579,45
3861,44
819,55
4723,51
7037,49
8375,54
3443,49
439,57
8593,53
9789,44
3827,48
1237,52
5483,49
9883,49
8163,67
5177,51
9919,56
9083,54
265,52
7247,45
4041,60
8149,49
5661,47
6653,44
1515,49
3669,52
6109,48
8263,49
111,48
8813,47
527,49
6729,51
2623,49
8615,53
8903,58
9933,44
4121,47
5811,54
1855,47
3267,49
7411,55
6681,53
8667,43
5597,63
6679,51
4579,51
7355,58
2583,48
99,51
5109,47
2699,50
6805,50
8253,47
2807,47
7617,48
8129,53
7557,46
5741,53
1797,55
3301,49
4919,48
8553,52
7679,59
9967,46
2993,41
3387,43
4413,56
5675,48
8965,46
4935,48
7449,55
2847,49
705,49
797,49
4395,51
6001,44
9585,50
135,47
1927,56
2401,56
1745,52
5549,53
4655,49
6511,48
785,52
3613,53
4011,52
239,44
8921,44
3643,54
6873,55
189,47
7357,59
4093,53
7705,48
9721,41
9973,53
7119,48
4409,58
4561,41
8699,55
8817,47
875,54
2569,46
7949,43
9377,48
6625,43
2307,45
531,48
1071,50
8449,51
3865,53
1683,45
3089,50
563,47
2803,56
7505,43
7541,46
8105,52
2995,47
5883,54
7219,58
5589,38
43,54
2567,55
3561,49
4113,45
4753,48
5221,60
6161,57
2457,47
2039,49
7205,56
4841,50
3091,56
9209,55
1131,58
3895,44
5201,55
2045,51
2711,43
5769,49
5829,55
9017,50
6791,44
6389,48
9719,52
3453,59
5433,50
5391,52
5723,53
1043,48
9915,52
2745,53
5005,49
7121,49
6173,60
9141,44
4979,51
5189,54
9245,43
357,45
7851,51
433,38
2287,54
5503,57
1835,46
19,49
6379,54
7391,55
1277,46
7353,40
7055,46
2647,45
2189,47
1305,55
9119,56
8855,43
1525,44
9625,57
3085,52
473,43
2381,49
5521,47
1339,48
3843,41
4001,51
2549,40
6635,42
5101,44
8099,42
3047,43
6219,48
2437,53
2695,55
8155,47
8441,50
63,54
309,54
7499,52
859,49
2913,51
7607,57
6361,45
2443,43
5447,51
4941,54
1881,54
3005,46
5345,46
2595,43
5137,50
8387,49
8059,44
1631,44
5545,47
6021,52
7261,48
8807,44
9793,52
7211,48
5511,50
5607,45
4967,48
5317,54
8349,49
2601,39
7611,50
9271,42
5649,40
1439,46
525,47
3939,47
5475,53
6863,45
5575,49
8933,57
2955,49
6295,51
413,47
2029,46
9827,49
3213,50
6347,52
7897,53
1357,51
5833,53
9093,52
3849,54
8927,55
1847,41
2399,58
2639,47
5645,69
5267,46
5739,45
4907,44
9865,46
1869,49
4143,53
3615,52
7473,54
761,43
5901,53
6427,55
9087,44
1765,53
1763,52
5381,48
5085,57
463,59
5097,57
6019,57
8575,54
2267,52
7279,52
5651,53
7635,58
8415,56
49,55
2223,50
1085,57
2249,53
693,47
6445,62
7289,42
8271,53
4199,46
4417,46
4181,50
5193,50
8125,46
7199,48
8413,47
9669,40
9761,50
2547,46
7363,48
7765,53
8705,55
9433,52
5013,57
8067,51
6069,55
9131,57
1469,41
141,48
3469,49
8823,44
1273,58
2775,48
7201,42
1113,60
2177,54
4943,49
745,47
7859,50
8991,50
1247,46
955,49
7233,49
4473,47
7555,51
8797,52
4189,54
1179,51
7551,50
9803,53
4035,47
2833,48
3851,50
8971,54
6025,60
125,51
1665,54
4307,55
1429,44
4963,49
6023,53
611,52
5547,56
5639,43
2951,42
9263,45
8187,48
2211,52
2997,55
7181,47
8477,49
6721,53
887,53
3069,52
1169,49
725,55
1725,56
6289,45
2817,55
8309,52
9031,52
4883,57
657,47
713,53
6285,50
7577,51
8759,50
1283,58
8197,49
9321,43
2719,70
6115,55
9065,48
8133,52
9069,48
9805,44
7129,51
9963,42
947,45
1845,58
2603,48
7511,48
503,53
4195,55
1119,51
8983,58
6141,54
3041,53
1361,58
2815,45
3159,51
6489,48
3349,46
2769,46
5239,45
8457,51
67,43
811,51
4261,44
85,49
405,47
2369,45
3295,57
5561,50
9001,44
2783,39
4835,56
1993,55
225,40
4087,43
619,49
4373,46
7625,48
2087,45
7593,49
5489,52
6377,50
3153,53
465,56
3763,50
9925,50
9635,49
55,56
5059,46
8917,58
3237,58
6611,54
9055,44
107,50
5983,54
6731,58
8301,55
2285,47
4021,47
8461,51
6647,55
7105,52
8999,43
3757,48
3227,50
5315,51
6091,62
4955,60
2983,65
6195,51
6665,47
5799,56
873,49
8283,50
183,48
8687,50
4651,46
1593,48
9207,42
9459,47
2841,56
9999,49
8311,48
7909,44
3699,51
2395,51
6353,47
3431,50
1557,52
1093,50
2543,46
3299,54
7171,56
1103,58
4317,47
4487,53
3503,55
2003,56
6553,44
7413,53
4149,50
739,46
4653,57
7159,45
8601,53
6821,56
6171,53
9815,49
9097,55
8597,62
9801,55
6217,48
3203,52
8051,54
3141,60
5203,48
7147,50
8621,42
